   3.7500000e+00   0.0000000e+00
   0.0000000e+00   6.4951905e+00
   3.7500000e+00   1.2990381e+01
   0.0000000e+00   1.9485572e+01
   3.7500000e+00   2.5980762e+01
   0.0000000e+00   3.2475953e+01
   3.7500000e+00   3.8971143e+01
   0.0000000e+00   4.5466334e+01
   3.7500000e+00   5.1961524e+01
   0.0000000e+00   5.8456715e+01
   3.7500000e+00   6.4951905e+01
   0.0000000e+00   7.1447096e+01
   3.7500000e+00   7.7942286e+01
   0.0000000e+00   8.4437477e+01
   3.7500000e+00   9.0932667e+01
   0.0000000e+00   9.7427858e+01
   7.5000000e+00   9.7427858e+01
   1.5000000e+01   9.7427858e+01
   2.2500000e+01   9.7427858e+01
   3.0000000e+01   9.7427858e+01
   3.7500000e+01   9.7427858e+01
   4.5000000e+01   9.7427858e+01
   5.2500000e+01   9.7427858e+01
   6.0000000e+01   9.7427858e+01
   6.7500000e+01   9.7427858e+01
   7.5000000e+01   9.7427858e+01
   8.2500000e+01   9.7427858e+01
   9.0000000e+01   9.7427858e+01
   9.7500000e+01   9.7427858e+01
   1.0500000e+02   9.7427858e+01
   1.1250000e+02   9.7427858e+01
   1.2000000e+02   9.7427858e+01
   1.2750000e+02   9.7427858e+01
   1.3500000e+02   9.7427858e+01
   1.4250000e+02   9.7427858e+01
   1.5000000e+02   9.7427858e+01
   1.5375000e+02   9.0932667e+01
   1.5000000e+02   8.4437477e+01
   1.5375000e+02   7.7942286e+01
   1.5000000e+02   7.1447096e+01
   1.5375000e+02   6.4951905e+01
   1.5000000e+02   5.8456715e+01
   1.5375000e+02   5.1961524e+01
   1.5000000e+02   4.5466334e+01
   1.5375000e+02   3.8971143e+01
   1.5000000e+02   3.2475953e+01
   1.5375000e+02   2.5980762e+01
   1.5000000e+02   1.9485572e+01
   1.5375000e+02   1.2990381e+01
   1.5000000e+02   6.4951905e+00
   1.5375000e+02   0.0000000e+00
   1.4625000e+02   0.0000000e+00
   1.3875000e+02   0.0000000e+00
   1.3125000e+02   0.0000000e+00
   1.2375000e+02   0.0000000e+00
   1.1625000e+02   0.0000000e+00
   1.0875000e+02   0.0000000e+00
   1.0125000e+02   0.0000000e+00
   9.3750000e+01   0.0000000e+00
   8.6250000e+01   0.0000000e+00
   7.8750000e+01   0.0000000e+00
   7.1250000e+01   0.0000000e+00
   6.3750000e+01   0.0000000e+00
   5.6250000e+01   0.0000000e+00
   4.8750000e+01   0.0000000e+00
   4.1250000e+01   0.0000000e+00
   3.3750000e+01   0.0000000e+00
   2.6250000e+01   0.0000000e+00
   1.8750000e+01   0.0000000e+00
   1.1250000e+01   0.0000000e+00
   3.7500000e+00   0.0000000e+00
