   2.5000000e+00   0.0000000e+00
   0.0000000e+00   4.3301270e+00
   2.5000000e+00   8.6602540e+00
   0.0000000e+00   1.2990381e+01
   2.5000000e+00   1.7320508e+01
   0.0000000e+00   2.1650635e+01
   2.5000000e+00   2.5980762e+01
   0.0000000e+00   3.0310889e+01
   2.5000000e+00   3.4641016e+01
   0.0000000e+00   3.8971143e+01
   2.5000000e+00   4.3301270e+01
   0.0000000e+00   4.7631397e+01
   2.5000000e+00   5.1961524e+01
   0.0000000e+00   5.6291651e+01
   2.5000000e+00   6.0621778e+01
   0.0000000e+00   6.4951905e+01
   2.5000000e+00   6.9282032e+01
   0.0000000e+00   7.3612159e+01
   2.5000000e+00   7.7942286e+01
   0.0000000e+00   8.2272413e+01
   2.5000000e+00   8.6602540e+01
   0.0000000e+00   9.0932667e+01
   2.5000000e+00   9.5262794e+01
   0.0000000e+00   9.9592921e+01
   5.0000000e+00   9.9592921e+01
   1.0000000e+01   9.9592921e+01
   1.5000000e+01   9.9592921e+01
   2.0000000e+01   9.9592921e+01
   2.5000000e+01   9.9592921e+01
   3.0000000e+01   9.9592921e+01
   3.5000000e+01   9.9592921e+01
   4.0000000e+01   9.9592921e+01
   4.5000000e+01   9.9592921e+01
   5.0000000e+01   9.9592921e+01
   5.5000000e+01   9.9592921e+01
   6.0000000e+01   9.9592921e+01
   6.5000000e+01   9.9592921e+01
   7.0000000e+01   9.9592921e+01
   7.5000000e+01   9.9592921e+01
   8.0000000e+01   9.9592921e+01
   8.5000000e+01   9.9592921e+01
   9.0000000e+01   9.9592921e+01
   9.5000000e+01   9.9592921e+01
   1.0000000e+02   9.9592921e+01
   1.0500000e+02   9.9592921e+01
   1.1000000e+02   9.9592921e+01
   1.1500000e+02   9.9592921e+01
   1.2000000e+02   9.9592921e+01
   1.2500000e+02   9.9592921e+01
   1.3000000e+02   9.9592921e+01
   1.3500000e+02   9.9592921e+01
   1.4000000e+02   9.9592921e+01
   1.4500000e+02   9.9592921e+01
   1.5000000e+02   9.9592921e+01
   1.5250000e+02   9.5262794e+01
   1.5000000e+02   9.0932667e+01
   1.5250000e+02   8.6602540e+01
   1.5000000e+02   8.2272413e+01
   1.5250000e+02   7.7942286e+01
   1.5000000e+02   7.3612159e+01
   1.5250000e+02   6.9282032e+01
   1.5000000e+02   6.4951905e+01
   1.5250000e+02   6.0621778e+01
   1.5000000e+02   5.6291651e+01
   1.5250000e+02   5.1961524e+01
   1.5000000e+02   4.7631397e+01
   1.5250000e+02   4.3301270e+01
   1.5000000e+02   3.8971143e+01
   1.5250000e+02   3.4641016e+01
   1.5000000e+02   3.0310889e+01
   1.5250000e+02   2.5980762e+01
   1.5000000e+02   2.1650635e+01
   1.5250000e+02   1.7320508e+01
   1.5000000e+02   1.2990381e+01
   1.5250000e+02   8.6602540e+00
   1.5000000e+02   4.3301270e+00
   1.5250000e+02   0.0000000e+00
   1.4750000e+02   0.0000000e+00
   1.4250000e+02   0.0000000e+00
   1.3750000e+02   0.0000000e+00
   1.3250000e+02   0.0000000e+00
   1.2750000e+02   0.0000000e+00
   1.2250000e+02   0.0000000e+00
   1.1750000e+02   0.0000000e+00
   1.1250000e+02   0.0000000e+00
   1.0750000e+02   0.0000000e+00
   1.0250000e+02   0.0000000e+00
   9.7500000e+01   0.0000000e+00
   9.2500000e+01   0.0000000e+00
   8.7500000e+01   0.0000000e+00
   8.2500000e+01   0.0000000e+00
   7.7500000e+01   0.0000000e+00
   7.2500000e+01   0.0000000e+00
   6.7500000e+01   0.0000000e+00
   6.2500000e+01   0.0000000e+00
   5.7500000e+01   0.0000000e+00
   5.2500000e+01   0.0000000e+00
   4.7500000e+01   0.0000000e+00
   4.2500000e+01   0.0000000e+00
   3.7500000e+01   0.0000000e+00
   3.2500000e+01   0.0000000e+00
   2.7500000e+01   0.0000000e+00
   2.2500000e+01   0.0000000e+00
   1.7500000e+01   0.0000000e+00
   1.2500000e+01   0.0000000e+00
   7.5000000e+00   0.0000000e+00
   2.5000000e+00   0.0000000e+00
