   1.5000000e+00   0.0000000e+00
   0.0000000e+00   2.5980762e+00
   1.5000000e+00   5.1961524e+00
   0.0000000e+00   7.7942286e+00
   1.5000000e+00   1.0392305e+01
   0.0000000e+00   1.2990381e+01
   1.5000000e+00   1.5588457e+01
   0.0000000e+00   1.8186533e+01
   1.5000000e+00   2.0784610e+01
   0.0000000e+00   2.3382686e+01
   1.5000000e+00   2.5980762e+01
   0.0000000e+00   2.8578838e+01
   1.5000000e+00   3.1176915e+01
   0.0000000e+00   3.3774991e+01
   1.5000000e+00   3.6373067e+01
   0.0000000e+00   3.8971143e+01
   1.5000000e+00   4.1569219e+01
   0.0000000e+00   4.4167296e+01
   1.5000000e+00   4.6765372e+01
   0.0000000e+00   4.9363448e+01
   1.5000000e+00   5.1961524e+01
   0.0000000e+00   5.4559600e+01
   1.5000000e+00   5.7157677e+01
   0.0000000e+00   5.9755753e+01
   1.5000000e+00   6.2353829e+01
   0.0000000e+00   6.4951905e+01
   1.5000000e+00   6.7549981e+01
   0.0000000e+00   7.0148058e+01
   1.5000000e+00   7.2746134e+01
   0.0000000e+00   7.5344210e+01
   1.5000000e+00   7.7942286e+01
   0.0000000e+00   8.0540363e+01
   1.5000000e+00   8.3138439e+01
   0.0000000e+00   8.5736515e+01
   1.5000000e+00   8.8334591e+01
   0.0000000e+00   9.0932667e+01
   1.5000000e+00   9.3530744e+01
   0.0000000e+00   9.6128820e+01
   1.5000000e+00   9.8726896e+01
   4.5000000e+00   9.8726896e+01
   7.5000000e+00   9.8726896e+01
   1.0500000e+01   9.8726896e+01
   1.3500000e+01   9.8726896e+01
   1.6500000e+01   9.8726896e+01
   1.9500000e+01   9.8726896e+01
   2.2500000e+01   9.8726896e+01
   2.5500000e+01   9.8726896e+01
   2.8500000e+01   9.8726896e+01
   3.1500000e+01   9.8726896e+01
   3.4500000e+01   9.8726896e+01
   3.7500000e+01   9.8726896e+01
   4.0500000e+01   9.8726896e+01
   4.3500000e+01   9.8726896e+01
   4.6500000e+01   9.8726896e+01
   4.9500000e+01   9.8726896e+01
   5.2500000e+01   9.8726896e+01
   5.5500000e+01   9.8726896e+01
   5.8500000e+01   9.8726896e+01
   6.1500000e+01   9.8726896e+01
   6.4500000e+01   9.8726896e+01
   6.7500000e+01   9.8726896e+01
   7.0500000e+01   9.8726896e+01
   7.3500000e+01   9.8726896e+01
   7.6500000e+01   9.8726896e+01
   7.9500000e+01   9.8726896e+01
   8.2500000e+01   9.8726896e+01
   8.5500000e+01   9.8726896e+01
   8.8500000e+01   9.8726896e+01
   9.1500000e+01   9.8726896e+01
   9.4500000e+01   9.8726896e+01
   9.7500000e+01   9.8726896e+01
   1.0050000e+02   9.8726896e+01
   1.0350000e+02   9.8726896e+01
   1.0650000e+02   9.8726896e+01
   1.0950000e+02   9.8726896e+01
   1.1250000e+02   9.8726896e+01
   1.1550000e+02   9.8726896e+01
   1.1850000e+02   9.8726896e+01
   1.2150000e+02   9.8726896e+01
   1.2450000e+02   9.8726896e+01
   1.2750000e+02   9.8726896e+01
   1.3050000e+02   9.8726896e+01
   1.3350000e+02   9.8726896e+01
   1.3650000e+02   9.8726896e+01
   1.3950000e+02   9.8726896e+01
   1.4250000e+02   9.8726896e+01
   1.4550000e+02   9.8726896e+01
   1.4850000e+02   9.8726896e+01
   1.5150000e+02   9.8726896e+01
   1.5000000e+02   9.6128820e+01
   1.5150000e+02   9.3530744e+01
   1.5000000e+02   9.0932667e+01
   1.5150000e+02   8.8334591e+01
   1.5000000e+02   8.5736515e+01
   1.5150000e+02   8.3138439e+01
   1.5000000e+02   8.0540363e+01
   1.5150000e+02   7.7942286e+01
   1.5000000e+02   7.5344210e+01
   1.5150000e+02   7.2746134e+01
   1.5000000e+02   7.0148058e+01
   1.5150000e+02   6.7549981e+01
   1.5000000e+02   6.4951905e+01
   1.5150000e+02   6.2353829e+01
   1.5000000e+02   5.9755753e+01
   1.5150000e+02   5.7157677e+01
   1.5000000e+02   5.4559600e+01
   1.5150000e+02   5.1961524e+01
   1.5000000e+02   4.9363448e+01
   1.5150000e+02   4.6765372e+01
   1.5000000e+02   4.4167296e+01
   1.5150000e+02   4.1569219e+01
   1.5000000e+02   3.8971143e+01
   1.5150000e+02   3.6373067e+01
   1.5000000e+02   3.3774991e+01
   1.5150000e+02   3.1176915e+01
   1.5000000e+02   2.8578838e+01
   1.5150000e+02   2.5980762e+01
   1.5000000e+02   2.3382686e+01
   1.5150000e+02   2.0784610e+01
   1.5000000e+02   1.8186533e+01
   1.5150000e+02   1.5588457e+01
   1.5000000e+02   1.2990381e+01
   1.5150000e+02   1.0392305e+01
   1.5000000e+02   7.7942286e+00
   1.5150000e+02   5.1961524e+00
   1.5000000e+02   2.5980762e+00
   1.5150000e+02   0.0000000e+00
   1.4850000e+02   0.0000000e+00
   1.4550000e+02   0.0000000e+00
   1.4250000e+02   0.0000000e+00
   1.3950000e+02   0.0000000e+00
   1.3650000e+02   0.0000000e+00
   1.3350000e+02   0.0000000e+00
   1.3050000e+02   0.0000000e+00
   1.2750000e+02   0.0000000e+00
   1.2450000e+02   0.0000000e+00
   1.2150000e+02   0.0000000e+00
   1.1850000e+02   0.0000000e+00
   1.1550000e+02   0.0000000e+00
   1.1250000e+02   0.0000000e+00
   1.0950000e+02   0.0000000e+00
   1.0650000e+02   0.0000000e+00
   1.0350000e+02   0.0000000e+00
   1.0050000e+02   0.0000000e+00
   9.7500000e+01   0.0000000e+00
   9.4500000e+01   0.0000000e+00
   9.1500000e+01   0.0000000e+00
   8.8500000e+01   0.0000000e+00
   8.5500000e+01   0.0000000e+00
   8.2500000e+01   0.0000000e+00
   7.9500000e+01   0.0000000e+00
   7.6500000e+01   0.0000000e+00
   7.3500000e+01   0.0000000e+00
   7.0500000e+01   0.0000000e+00
   6.7500000e+01   0.0000000e+00
   6.4500000e+01   0.0000000e+00
   6.1500000e+01   0.0000000e+00
   5.8500000e+01   0.0000000e+00
   5.5500000e+01   0.0000000e+00
   5.2500000e+01   0.0000000e+00
   4.9500000e+01   0.0000000e+00
   4.6500000e+01   0.0000000e+00
   4.3500000e+01   0.0000000e+00
   4.0500000e+01   0.0000000e+00
   3.7500000e+01   0.0000000e+00
   3.4500000e+01   0.0000000e+00
   3.1500000e+01   0.0000000e+00
   2.8500000e+01   0.0000000e+00
   2.5500000e+01   0.0000000e+00
   2.2500000e+01   0.0000000e+00
   1.9500000e+01   0.0000000e+00
   1.6500000e+01   0.0000000e+00
   1.3500000e+01   0.0000000e+00
   1.0500000e+01   0.0000000e+00
   7.5000000e+00   0.0000000e+00
   4.5000000e+00   0.0000000e+00
   1.5000000e+00   0.0000000e+00
