   1.8750000e+00   0.0000000e+00
   0.0000000e+00   3.2475953e+00
   1.8750000e+00   6.4951905e+00
   0.0000000e+00   9.7427858e+00
   1.8750000e+00   1.2990381e+01
   0.0000000e+00   1.6237976e+01
   1.8750000e+00   1.9485572e+01
   0.0000000e+00   2.2733167e+01
   1.8750000e+00   2.5980762e+01
   0.0000000e+00   2.9228357e+01
   1.8750000e+00   3.2475953e+01
   0.0000000e+00   3.5723548e+01
   1.8750000e+00   3.8971143e+01
   0.0000000e+00   4.2218738e+01
   1.8750000e+00   4.5466334e+01
   0.0000000e+00   4.8713929e+01
   1.8750000e+00   5.1961524e+01
   0.0000000e+00   5.5209119e+01
   1.8750000e+00   5.8456715e+01
   0.0000000e+00   6.1704310e+01
   1.8750000e+00   6.4951905e+01
   0.0000000e+00   6.8199501e+01
   1.8750000e+00   7.1447096e+01
   0.0000000e+00   7.4694691e+01
   1.8750000e+00   7.7942286e+01
   0.0000000e+00   8.1189882e+01
   1.8750000e+00   8.4437477e+01
   0.0000000e+00   8.7685072e+01
   1.8750000e+00   9.0932667e+01
   0.0000000e+00   9.4180263e+01
   1.8750000e+00   9.7427858e+01
   5.6250000e+00   9.7427858e+01
   9.3750000e+00   9.7427858e+01
   1.3125000e+01   9.7427858e+01
   1.6875000e+01   9.7427858e+01
   2.0625000e+01   9.7427858e+01
   2.4375000e+01   9.7427858e+01
   2.8125000e+01   9.7427858e+01
   3.1875000e+01   9.7427858e+01
   3.5625000e+01   9.7427858e+01
   3.9375000e+01   9.7427858e+01
   4.3125000e+01   9.7427858e+01
   4.6875000e+01   9.7427858e+01
   5.0625000e+01   9.7427858e+01
   5.4375000e+01   9.7427858e+01
   5.8125000e+01   9.7427858e+01
   6.1875000e+01   9.7427858e+01
   6.5625000e+01   9.7427858e+01
   6.9375000e+01   9.7427858e+01
   7.3125000e+01   9.7427858e+01
   7.6875000e+01   9.7427858e+01
   8.0625000e+01   9.7427858e+01
   8.4375000e+01   9.7427858e+01
   8.8125000e+01   9.7427858e+01
   9.1875000e+01   9.7427858e+01
   9.5625000e+01   9.7427858e+01
   9.9375000e+01   9.7427858e+01
   1.0312500e+02   9.7427858e+01
   1.0687500e+02   9.7427858e+01
   1.1062500e+02   9.7427858e+01
   1.1437500e+02   9.7427858e+01
   1.1812500e+02   9.7427858e+01
   1.2187500e+02   9.7427858e+01
   1.2562500e+02   9.7427858e+01
   1.2937500e+02   9.7427858e+01
   1.3312500e+02   9.7427858e+01
   1.3687500e+02   9.7427858e+01
   1.4062500e+02   9.7427858e+01
   1.4437500e+02   9.7427858e+01
   1.4812500e+02   9.7427858e+01
   1.5187500e+02   9.7427858e+01
   1.5000000e+02   9.4180263e+01
   1.5187500e+02   9.0932667e+01
   1.5000000e+02   8.7685072e+01
   1.5187500e+02   8.4437477e+01
   1.5000000e+02   8.1189882e+01
   1.5187500e+02   7.7942286e+01
   1.5000000e+02   7.4694691e+01
   1.5187500e+02   7.1447096e+01
   1.5000000e+02   6.8199501e+01
   1.5187500e+02   6.4951905e+01
   1.5000000e+02   6.1704310e+01
   1.5187500e+02   5.8456715e+01
   1.5000000e+02   5.5209119e+01
   1.5187500e+02   5.1961524e+01
   1.5000000e+02   4.8713929e+01
   1.5187500e+02   4.5466334e+01
   1.5000000e+02   4.2218738e+01
   1.5187500e+02   3.8971143e+01
   1.5000000e+02   3.5723548e+01
   1.5187500e+02   3.2475953e+01
   1.5000000e+02   2.9228357e+01
   1.5187500e+02   2.5980762e+01
   1.5000000e+02   2.2733167e+01
   1.5187500e+02   1.9485572e+01
   1.5000000e+02   1.6237976e+01
   1.5187500e+02   1.2990381e+01
   1.5000000e+02   9.7427858e+00
   1.5187500e+02   6.4951905e+00
   1.5000000e+02   3.2475953e+00
   1.5187500e+02   0.0000000e+00
   1.4812500e+02   0.0000000e+00
   1.4437500e+02   0.0000000e+00
   1.4062500e+02   0.0000000e+00
   1.3687500e+02   0.0000000e+00
   1.3312500e+02   0.0000000e+00
   1.2937500e+02   0.0000000e+00
   1.2562500e+02   0.0000000e+00
   1.2187500e+02   0.0000000e+00
   1.1812500e+02   0.0000000e+00
   1.1437500e+02   0.0000000e+00
   1.1062500e+02   0.0000000e+00
   1.0687500e+02   0.0000000e+00
   1.0312500e+02   0.0000000e+00
   9.9375000e+01   0.0000000e+00
   9.5625000e+01   0.0000000e+00
   9.1875000e+01   0.0000000e+00
   8.8125000e+01   0.0000000e+00
   8.4375000e+01   0.0000000e+00
   8.0625000e+01   0.0000000e+00
   7.6875000e+01   0.0000000e+00
   7.3125000e+01   0.0000000e+00
   6.9375000e+01   0.0000000e+00
   6.5625000e+01   0.0000000e+00
   6.1875000e+01   0.0000000e+00
   5.8125000e+01   0.0000000e+00
   5.4375000e+01   0.0000000e+00
   5.0625000e+01   0.0000000e+00
   4.6875000e+01   0.0000000e+00
   4.3125000e+01   0.0000000e+00
   3.9375000e+01   0.0000000e+00
   3.5625000e+01   0.0000000e+00
   3.1875000e+01   0.0000000e+00
   2.8125000e+01   0.0000000e+00
   2.4375000e+01   0.0000000e+00
   2.0625000e+01   0.0000000e+00
   1.6875000e+01   0.0000000e+00
   1.3125000e+01   0.0000000e+00
   9.3750000e+00   0.0000000e+00
   5.6250000e+00   0.0000000e+00
   1.8750000e+00   0.0000000e+00
