   1.2500000e+00   0.0000000e+00
   0.0000000e+00   2.1650635e+00
   1.2500000e+00   4.3301270e+00
   0.0000000e+00   6.4951905e+00
   1.2500000e+00   8.6602540e+00
   0.0000000e+00   1.0825318e+01
   1.2500000e+00   1.2990381e+01
   0.0000000e+00   1.5155445e+01
   1.2500000e+00   1.7320508e+01
   0.0000000e+00   1.9485572e+01
   1.2500000e+00   2.1650635e+01
   0.0000000e+00   2.3815699e+01
   1.2500000e+00   2.5980762e+01
   0.0000000e+00   2.8145826e+01
   1.2500000e+00   3.0310889e+01
   0.0000000e+00   3.2475953e+01
   1.2500000e+00   3.4641016e+01
   0.0000000e+00   3.6806080e+01
   1.2500000e+00   3.8971143e+01
   0.0000000e+00   4.1136207e+01
   1.2500000e+00   4.3301270e+01
   0.0000000e+00   4.5466334e+01
   1.2500000e+00   4.7631397e+01
   0.0000000e+00   4.9796461e+01
   1.2500000e+00   5.1961524e+01
   0.0000000e+00   5.4126588e+01
   1.2500000e+00   5.6291651e+01
   0.0000000e+00   5.8456715e+01
   1.2500000e+00   6.0621778e+01
   0.0000000e+00   6.2786842e+01
   1.2500000e+00   6.4951905e+01
   0.0000000e+00   6.7116969e+01
   1.2500000e+00   6.9282032e+01
   0.0000000e+00   7.1447096e+01
   1.2500000e+00   7.3612159e+01
   0.0000000e+00   7.5777223e+01
   1.2500000e+00   7.7942286e+01
   0.0000000e+00   8.0107350e+01
   1.2500000e+00   8.2272413e+01
   0.0000000e+00   8.4437477e+01
   1.2500000e+00   8.6602540e+01
   0.0000000e+00   8.8767604e+01
   1.2500000e+00   9.0932667e+01
   0.0000000e+00   9.3097731e+01
   1.2500000e+00   9.5262794e+01
   0.0000000e+00   9.7427858e+01
   1.2500000e+00   9.9592921e+01
   3.7500000e+00   9.9592921e+01
   6.2500000e+00   9.9592921e+01
   8.7500000e+00   9.9592921e+01
   1.1250000e+01   9.9592921e+01
   1.3750000e+01   9.9592921e+01
   1.6250000e+01   9.9592921e+01
   1.8750000e+01   9.9592921e+01
   2.1250000e+01   9.9592921e+01
   2.3750000e+01   9.9592921e+01
   2.6250000e+01   9.9592921e+01
   2.8750000e+01   9.9592921e+01
   3.1250000e+01   9.9592921e+01
   3.3750000e+01   9.9592921e+01
   3.6250000e+01   9.9592921e+01
   3.8750000e+01   9.9592921e+01
   4.1250000e+01   9.9592921e+01
   4.3750000e+01   9.9592921e+01
   4.6250000e+01   9.9592921e+01
   4.8750000e+01   9.9592921e+01
   5.1250000e+01   9.9592921e+01
   5.3750000e+01   9.9592921e+01
   5.6250000e+01   9.9592921e+01
   5.8750000e+01   9.9592921e+01
   6.1250000e+01   9.9592921e+01
   6.3750000e+01   9.9592921e+01
   6.6250000e+01   9.9592921e+01
   6.8750000e+01   9.9592921e+01
   7.1250000e+01   9.9592921e+01
   7.3750000e+01   9.9592921e+01
   7.6250000e+01   9.9592921e+01
   7.8750000e+01   9.9592921e+01
   8.1250000e+01   9.9592921e+01
   8.3750000e+01   9.9592921e+01
   8.6250000e+01   9.9592921e+01
   8.8750000e+01   9.9592921e+01
   9.1250000e+01   9.9592921e+01
   9.3750000e+01   9.9592921e+01
   9.6250000e+01   9.9592921e+01
   9.8750000e+01   9.9592921e+01
   1.0125000e+02   9.9592921e+01
   1.0375000e+02   9.9592921e+01
   1.0625000e+02   9.9592921e+01
   1.0875000e+02   9.9592921e+01
   1.1125000e+02   9.9592921e+01
   1.1375000e+02   9.9592921e+01
   1.1625000e+02   9.9592921e+01
   1.1875000e+02   9.9592921e+01
   1.2125000e+02   9.9592921e+01
   1.2375000e+02   9.9592921e+01
   1.2625000e+02   9.9592921e+01
   1.2875000e+02   9.9592921e+01
   1.3125000e+02   9.9592921e+01
   1.3375000e+02   9.9592921e+01
   1.3625000e+02   9.9592921e+01
   1.3875000e+02   9.9592921e+01
   1.4125000e+02   9.9592921e+01
   1.4375000e+02   9.9592921e+01
   1.4625000e+02   9.9592921e+01
   1.4875000e+02   9.9592921e+01
   1.5125000e+02   9.9592921e+01
   1.5000000e+02   9.7427858e+01
   1.5125000e+02   9.5262794e+01
   1.5000000e+02   9.3097731e+01
   1.5125000e+02   9.0932667e+01
   1.5000000e+02   8.8767604e+01
   1.5125000e+02   8.6602540e+01
   1.5000000e+02   8.4437477e+01
   1.5125000e+02   8.2272413e+01
   1.5000000e+02   8.0107350e+01
   1.5125000e+02   7.7942286e+01
   1.5000000e+02   7.5777223e+01
   1.5125000e+02   7.3612159e+01
   1.5000000e+02   7.1447096e+01
   1.5125000e+02   6.9282032e+01
   1.5000000e+02   6.7116969e+01
   1.5125000e+02   6.4951905e+01
   1.5000000e+02   6.2786842e+01
   1.5125000e+02   6.0621778e+01
   1.5000000e+02   5.8456715e+01
   1.5125000e+02   5.6291651e+01
   1.5000000e+02   5.4126588e+01
   1.5125000e+02   5.1961524e+01
   1.5000000e+02   4.9796461e+01
   1.5125000e+02   4.7631397e+01
   1.5000000e+02   4.5466334e+01
   1.5125000e+02   4.3301270e+01
   1.5000000e+02   4.1136207e+01
   1.5125000e+02   3.8971143e+01
   1.5000000e+02   3.6806080e+01
   1.5125000e+02   3.4641016e+01
   1.5000000e+02   3.2475953e+01
   1.5125000e+02   3.0310889e+01
   1.5000000e+02   2.8145826e+01
   1.5125000e+02   2.5980762e+01
   1.5000000e+02   2.3815699e+01
   1.5125000e+02   2.1650635e+01
   1.5000000e+02   1.9485572e+01
   1.5125000e+02   1.7320508e+01
   1.5000000e+02   1.5155445e+01
   1.5125000e+02   1.2990381e+01
   1.5000000e+02   1.0825318e+01
   1.5125000e+02   8.6602540e+00
   1.5000000e+02   6.4951905e+00
   1.5125000e+02   4.3301270e+00
   1.5000000e+02   2.1650635e+00
   1.5125000e+02   0.0000000e+00
   1.4875000e+02   0.0000000e+00
   1.4625000e+02   0.0000000e+00
   1.4375000e+02   0.0000000e+00
   1.4125000e+02   0.0000000e+00
   1.3875000e+02   0.0000000e+00
   1.3625000e+02   0.0000000e+00
   1.3375000e+02   0.0000000e+00
   1.3125000e+02   0.0000000e+00
   1.2875000e+02   0.0000000e+00
   1.2625000e+02   0.0000000e+00
   1.2375000e+02   0.0000000e+00
   1.2125000e+02   0.0000000e+00
   1.1875000e+02   0.0000000e+00
   1.1625000e+02   0.0000000e+00
   1.1375000e+02   0.0000000e+00
   1.1125000e+02   0.0000000e+00
   1.0875000e+02   0.0000000e+00
   1.0625000e+02   0.0000000e+00
   1.0375000e+02   0.0000000e+00
   1.0125000e+02   0.0000000e+00
   9.8750000e+01   0.0000000e+00
   9.6250000e+01   0.0000000e+00
   9.3750000e+01   0.0000000e+00
   9.1250000e+01   0.0000000e+00
   8.8750000e+01   0.0000000e+00
   8.6250000e+01   0.0000000e+00
   8.3750000e+01   0.0000000e+00
   8.1250000e+01   0.0000000e+00
   7.8750000e+01   0.0000000e+00
   7.6250000e+01   0.0000000e+00
   7.3750000e+01   0.0000000e+00
   7.1250000e+01   0.0000000e+00
   6.8750000e+01   0.0000000e+00
   6.6250000e+01   0.0000000e+00
   6.3750000e+01   0.0000000e+00
   6.1250000e+01   0.0000000e+00
   5.8750000e+01   0.0000000e+00
   5.6250000e+01   0.0000000e+00
   5.3750000e+01   0.0000000e+00
   5.1250000e+01   0.0000000e+00
   4.8750000e+01   0.0000000e+00
   4.6250000e+01   0.0000000e+00
   4.3750000e+01   0.0000000e+00
   4.1250000e+01   0.0000000e+00
   3.8750000e+01   0.0000000e+00
   3.6250000e+01   0.0000000e+00
   3.3750000e+01   0.0000000e+00
   3.1250000e+01   0.0000000e+00
   2.8750000e+01   0.0000000e+00
   2.6250000e+01   0.0000000e+00
   2.3750000e+01   0.0000000e+00
   2.1250000e+01   0.0000000e+00
   1.8750000e+01   0.0000000e+00
   1.6250000e+01   0.0000000e+00
   1.3750000e+01   0.0000000e+00
   1.1250000e+01   0.0000000e+00
   8.7500000e+00   0.0000000e+00
   6.2500000e+00   0.0000000e+00
   3.7500000e+00   0.0000000e+00
   1.2500000e+00   0.0000000e+00
