   1.5000000e+01   0.0000000e+00
   0.0000000e+00   2.5980762e+01
   1.5000000e+01   5.1961524e+01
   0.0000000e+00   7.7942286e+01
   3.0000000e+01   7.7942286e+01
   6.0000000e+01   7.7942286e+01
   9.0000000e+01   7.7942286e+01
   1.2000000e+02   7.7942286e+01
   1.5000000e+02   7.7942286e+01
   1.6500000e+02   5.1961524e+01
   1.5000000e+02   2.5980762e+01
   1.6500000e+02   0.0000000e+00
   1.3500000e+02   0.0000000e+00
   1.0500000e+02   0.0000000e+00
   7.5000000e+01   0.0000000e+00
   4.5000000e+01   0.0000000e+00
   1.5000000e+01   0.0000000e+00
