   1.0714286e+00   0.0000000e+00
   0.0000000e+00   1.8557687e+00
   1.0714286e+00   3.7115374e+00
   0.0000000e+00   5.5673062e+00
   1.0714286e+00   7.4230749e+00
   0.0000000e+00   9.2788436e+00
   1.0714286e+00   1.1134612e+01
   0.0000000e+00   1.2990381e+01
   1.0714286e+00   1.4846150e+01
   0.0000000e+00   1.6701919e+01
   1.0714286e+00   1.8557687e+01
   0.0000000e+00   2.0413456e+01
   1.0714286e+00   2.2269225e+01
   0.0000000e+00   2.4124993e+01
   1.0714286e+00   2.5980762e+01
   0.0000000e+00   2.7836531e+01
   1.0714286e+00   2.9692300e+01
   0.0000000e+00   3.1548068e+01
   1.0714286e+00   3.3403837e+01
   0.0000000e+00   3.5259606e+01
   1.0714286e+00   3.7115374e+01
   0.0000000e+00   3.8971143e+01
   1.0714286e+00   4.0826912e+01
   0.0000000e+00   4.2682681e+01
   1.0714286e+00   4.4538449e+01
   0.0000000e+00   4.6394218e+01
   1.0714286e+00   4.8249987e+01
   0.0000000e+00   5.0105756e+01
   1.0714286e+00   5.1961524e+01
   0.0000000e+00   5.3817293e+01
   1.0714286e+00   5.5673062e+01
   0.0000000e+00   5.7528830e+01
   1.0714286e+00   5.9384599e+01
   0.0000000e+00   6.1240368e+01
   1.0714286e+00   6.3096137e+01
   0.0000000e+00   6.4951905e+01
   1.0714286e+00   6.6807674e+01
   0.0000000e+00   6.8663443e+01
   1.0714286e+00   7.0519211e+01
   0.0000000e+00   7.2374980e+01
   1.0714286e+00   7.4230749e+01
   0.0000000e+00   7.6086518e+01
   1.0714286e+00   7.7942286e+01
   0.0000000e+00   7.9798055e+01
   1.0714286e+00   8.1653824e+01
   0.0000000e+00   8.3509593e+01
   1.0714286e+00   8.5365361e+01
   0.0000000e+00   8.7221130e+01
   1.0714286e+00   8.9076899e+01
   0.0000000e+00   9.0932667e+01
   1.0714286e+00   9.2788436e+01
   0.0000000e+00   9.4644205e+01
   1.0714286e+00   9.6499974e+01
   0.0000000e+00   9.8355742e+01
   2.1428571e+00   9.8355742e+01
   4.2857143e+00   9.8355742e+01
   6.4285714e+00   9.8355742e+01
   8.5714286e+00   9.8355742e+01
   1.0714286e+01   9.8355742e+01
   1.2857143e+01   9.8355742e+01
   1.5000000e+01   9.8355742e+01
   1.7142857e+01   9.8355742e+01
   1.9285714e+01   9.8355742e+01
   2.1428571e+01   9.8355742e+01
   2.3571429e+01   9.8355742e+01
   2.5714286e+01   9.8355742e+01
   2.7857143e+01   9.8355742e+01
   3.0000000e+01   9.8355742e+01
   3.2142857e+01   9.8355742e+01
   3.4285714e+01   9.8355742e+01
   3.6428571e+01   9.8355742e+01
   3.8571429e+01   9.8355742e+01
   4.0714286e+01   9.8355742e+01
   4.2857143e+01   9.8355742e+01
   4.5000000e+01   9.8355742e+01
   4.7142857e+01   9.8355742e+01
   4.9285714e+01   9.8355742e+01
   5.1428571e+01   9.8355742e+01
   5.3571429e+01   9.8355742e+01
   5.5714286e+01   9.8355742e+01
   5.7857143e+01   9.8355742e+01
   6.0000000e+01   9.8355742e+01
   6.2142857e+01   9.8355742e+01
   6.4285714e+01   9.8355742e+01
   6.6428571e+01   9.8355742e+01
   6.8571429e+01   9.8355742e+01
   7.0714286e+01   9.8355742e+01
   7.2857143e+01   9.8355742e+01
   7.5000000e+01   9.8355742e+01
   7.7142857e+01   9.8355742e+01
   7.9285714e+01   9.8355742e+01
   8.1428571e+01   9.8355742e+01
   8.3571429e+01   9.8355742e+01
   8.5714286e+01   9.8355742e+01
   8.7857143e+01   9.8355742e+01
   9.0000000e+01   9.8355742e+01
   9.2142857e+01   9.8355742e+01
   9.4285714e+01   9.8355742e+01
   9.6428571e+01   9.8355742e+01
   9.8571429e+01   9.8355742e+01
   1.0071429e+02   9.8355742e+01
   1.0285714e+02   9.8355742e+01
   1.0500000e+02   9.8355742e+01
   1.0714286e+02   9.8355742e+01
   1.0928571e+02   9.8355742e+01
   1.1142857e+02   9.8355742e+01
   1.1357143e+02   9.8355742e+01
   1.1571429e+02   9.8355742e+01
   1.1785714e+02   9.8355742e+01
   1.2000000e+02   9.8355742e+01
   1.2214286e+02   9.8355742e+01
   1.2428571e+02   9.8355742e+01
   1.2642857e+02   9.8355742e+01
   1.2857143e+02   9.8355742e+01
   1.3071429e+02   9.8355742e+01
   1.3285714e+02   9.8355742e+01
   1.3500000e+02   9.8355742e+01
   1.3714286e+02   9.8355742e+01
   1.3928571e+02   9.8355742e+01
   1.4142857e+02   9.8355742e+01
   1.4357143e+02   9.8355742e+01
   1.4571429e+02   9.8355742e+01
   1.4785714e+02   9.8355742e+01
   1.5000000e+02   9.8355742e+01
   1.5107143e+02   9.6499974e+01
   1.5000000e+02   9.4644205e+01
   1.5107143e+02   9.2788436e+01
   1.5000000e+02   9.0932667e+01
   1.5107143e+02   8.9076899e+01
   1.5000000e+02   8.7221130e+01
   1.5107143e+02   8.5365361e+01
   1.5000000e+02   8.3509593e+01
   1.5107143e+02   8.1653824e+01
   1.5000000e+02   7.9798055e+01
   1.5107143e+02   7.7942286e+01
   1.5000000e+02   7.6086518e+01
   1.5107143e+02   7.4230749e+01
   1.5000000e+02   7.2374980e+01
   1.5107143e+02   7.0519211e+01
   1.5000000e+02   6.8663443e+01
   1.5107143e+02   6.6807674e+01
   1.5000000e+02   6.4951905e+01
   1.5107143e+02   6.3096137e+01
   1.5000000e+02   6.1240368e+01
   1.5107143e+02   5.9384599e+01
   1.5000000e+02   5.7528830e+01
   1.5107143e+02   5.5673062e+01
   1.5000000e+02   5.3817293e+01
   1.5107143e+02   5.1961524e+01
   1.5000000e+02   5.0105756e+01
   1.5107143e+02   4.8249987e+01
   1.5000000e+02   4.6394218e+01
   1.5107143e+02   4.4538449e+01
   1.5000000e+02   4.2682681e+01
   1.5107143e+02   4.0826912e+01
   1.5000000e+02   3.8971143e+01
   1.5107143e+02   3.7115374e+01
   1.5000000e+02   3.5259606e+01
   1.5107143e+02   3.3403837e+01
   1.5000000e+02   3.1548068e+01
   1.5107143e+02   2.9692300e+01
   1.5000000e+02   2.7836531e+01
   1.5107143e+02   2.5980762e+01
   1.5000000e+02   2.4124993e+01
   1.5107143e+02   2.2269225e+01
   1.5000000e+02   2.0413456e+01
   1.5107143e+02   1.8557687e+01
   1.5000000e+02   1.6701919e+01
   1.5107143e+02   1.4846150e+01
   1.5000000e+02   1.2990381e+01
   1.5107143e+02   1.1134612e+01
   1.5000000e+02   9.2788436e+00
   1.5107143e+02   7.4230749e+00
   1.5000000e+02   5.5673062e+00
   1.5107143e+02   3.7115374e+00
   1.5000000e+02   1.8557687e+00
   1.5107143e+02   0.0000000e+00
   1.4892857e+02   0.0000000e+00
   1.4678571e+02   0.0000000e+00
   1.4464286e+02   0.0000000e+00
   1.4250000e+02   0.0000000e+00
   1.4035714e+02   0.0000000e+00
   1.3821429e+02   0.0000000e+00
   1.3607143e+02   0.0000000e+00
   1.3392857e+02   0.0000000e+00
   1.3178571e+02   0.0000000e+00
   1.2964286e+02   0.0000000e+00
   1.2750000e+02   0.0000000e+00
   1.2535714e+02   0.0000000e+00
   1.2321429e+02   0.0000000e+00
   1.2107143e+02   0.0000000e+00
   1.1892857e+02   0.0000000e+00
   1.1678571e+02   0.0000000e+00
   1.1464286e+02   0.0000000e+00
   1.1250000e+02   0.0000000e+00
   1.1035714e+02   0.0000000e+00
   1.0821429e+02   0.0000000e+00
   1.0607143e+02   0.0000000e+00
   1.0392857e+02   0.0000000e+00
   1.0178571e+02   0.0000000e+00
   9.9642857e+01   0.0000000e+00
   9.7500000e+01   0.0000000e+00
   9.5357143e+01   0.0000000e+00
   9.3214286e+01   0.0000000e+00
   9.1071429e+01   0.0000000e+00
   8.8928571e+01   0.0000000e+00
   8.6785714e+01   0.0000000e+00
   8.4642857e+01   0.0000000e+00
   8.2500000e+01   0.0000000e+00
   8.0357143e+01   0.0000000e+00
   7.8214286e+01   0.0000000e+00
   7.6071429e+01   0.0000000e+00
   7.3928571e+01   0.0000000e+00
   7.1785714e+01   0.0000000e+00
   6.9642857e+01   0.0000000e+00
   6.7500000e+01   0.0000000e+00
   6.5357143e+01   0.0000000e+00
   6.3214286e+01   0.0000000e+00
   6.1071429e+01   0.0000000e+00
   5.8928571e+01   0.0000000e+00
   5.6785714e+01   0.0000000e+00
   5.4642857e+01   0.0000000e+00
   5.2500000e+01   0.0000000e+00
   5.0357143e+01   0.0000000e+00
   4.8214286e+01   0.0000000e+00
   4.6071429e+01   0.0000000e+00
   4.3928571e+01   0.0000000e+00
   4.1785714e+01   0.0000000e+00
   3.9642857e+01   0.0000000e+00
   3.7500000e+01   0.0000000e+00
   3.5357143e+01   0.0000000e+00
   3.3214286e+01   0.0000000e+00
   3.1071429e+01   0.0000000e+00
   2.8928571e+01   0.0000000e+00
   2.6785714e+01   0.0000000e+00
   2.4642857e+01   0.0000000e+00
   2.2500000e+01   0.0000000e+00
   2.0357143e+01   0.0000000e+00
   1.8214286e+01   0.0000000e+00
   1.6071429e+01   0.0000000e+00
   1.3928571e+01   0.0000000e+00
   1.1785714e+01   0.0000000e+00
   9.6428571e+00   0.0000000e+00
   7.5000000e+00   0.0000000e+00
   5.3571429e+00   0.0000000e+00
   3.2142857e+00   0.0000000e+00
   1.0714286e+00   0.0000000e+00
