   9.3750000e-01   0.0000000e+00
   0.0000000e+00   1.6237976e+00
   9.3750000e-01   3.2475953e+00
   0.0000000e+00   4.8713929e+00
   9.3750000e-01   6.4951905e+00
   0.0000000e+00   8.1189882e+00
   9.3750000e-01   9.7427858e+00
   0.0000000e+00   1.1366583e+01
   9.3750000e-01   1.2990381e+01
   0.0000000e+00   1.4614179e+01
   9.3750000e-01   1.6237976e+01
   0.0000000e+00   1.7861774e+01
   9.3750000e-01   1.9485572e+01
   0.0000000e+00   2.1109369e+01
   9.3750000e-01   2.2733167e+01
   0.0000000e+00   2.4356964e+01
   9.3750000e-01   2.5980762e+01
   0.0000000e+00   2.7604560e+01
   9.3750000e-01   2.9228357e+01
   0.0000000e+00   3.0852155e+01
   9.3750000e-01   3.2475953e+01
   0.0000000e+00   3.4099750e+01
   9.3750000e-01   3.5723548e+01
   0.0000000e+00   3.7347346e+01
   9.3750000e-01   3.8971143e+01
   0.0000000e+00   4.0594941e+01
   9.3750000e-01   4.2218738e+01
   0.0000000e+00   4.3842536e+01
   9.3750000e-01   4.5466334e+01
   0.0000000e+00   4.7090131e+01
   9.3750000e-01   4.8713929e+01
   0.0000000e+00   5.0337727e+01
   9.3750000e-01   5.1961524e+01
   0.0000000e+00   5.3585322e+01
   9.3750000e-01   5.5209119e+01
   0.0000000e+00   5.6832917e+01
   9.3750000e-01   5.8456715e+01
   0.0000000e+00   6.0080512e+01
   9.3750000e-01   6.1704310e+01
   0.0000000e+00   6.3328108e+01
   9.3750000e-01   6.4951905e+01
   0.0000000e+00   6.6575703e+01
   9.3750000e-01   6.8199501e+01
   0.0000000e+00   6.9823298e+01
   9.3750000e-01   7.1447096e+01
   0.0000000e+00   7.3070893e+01
   9.3750000e-01   7.4694691e+01
   0.0000000e+00   7.6318489e+01
   9.3750000e-01   7.7942286e+01
   0.0000000e+00   7.9566084e+01
   9.3750000e-01   8.1189882e+01
   0.0000000e+00   8.2813679e+01
   9.3750000e-01   8.4437477e+01
   0.0000000e+00   8.6061275e+01
   9.3750000e-01   8.7685072e+01
   0.0000000e+00   8.9308870e+01
   9.3750000e-01   9.0932667e+01
   0.0000000e+00   9.2556465e+01
   9.3750000e-01   9.4180263e+01
   0.0000000e+00   9.5804060e+01
   9.3750000e-01   9.7427858e+01
   0.0000000e+00   9.9051656e+01
   1.8750000e+00   9.9051656e+01
   3.7500000e+00   9.9051656e+01
   5.6250000e+00   9.9051656e+01
   7.5000000e+00   9.9051656e+01
   9.3750000e+00   9.9051656e+01
   1.1250000e+01   9.9051656e+01
   1.3125000e+01   9.9051656e+01
   1.5000000e+01   9.9051656e+01
   1.6875000e+01   9.9051656e+01
   1.8750000e+01   9.9051656e+01
   2.0625000e+01   9.9051656e+01
   2.2500000e+01   9.9051656e+01
   2.4375000e+01   9.9051656e+01
   2.6250000e+01   9.9051656e+01
   2.8125000e+01   9.9051656e+01
   3.0000000e+01   9.9051656e+01
   3.1875000e+01   9.9051656e+01
   3.3750000e+01   9.9051656e+01
   3.5625000e+01   9.9051656e+01
   3.7500000e+01   9.9051656e+01
   3.9375000e+01   9.9051656e+01
   4.1250000e+01   9.9051656e+01
   4.3125000e+01   9.9051656e+01
   4.5000000e+01   9.9051656e+01
   4.6875000e+01   9.9051656e+01
   4.8750000e+01   9.9051656e+01
   5.0625000e+01   9.9051656e+01
   5.2500000e+01   9.9051656e+01
   5.4375000e+01   9.9051656e+01
   5.6250000e+01   9.9051656e+01
   5.8125000e+01   9.9051656e+01
   6.0000000e+01   9.9051656e+01
   6.1875000e+01   9.9051656e+01
   6.3750000e+01   9.9051656e+01
   6.5625000e+01   9.9051656e+01
   6.7500000e+01   9.9051656e+01
   6.9375000e+01   9.9051656e+01
   7.1250000e+01   9.9051656e+01
   7.3125000e+01   9.9051656e+01
   7.5000000e+01   9.9051656e+01
   7.6875000e+01   9.9051656e+01
   7.8750000e+01   9.9051656e+01
   8.0625000e+01   9.9051656e+01
   8.2500000e+01   9.9051656e+01
   8.4375000e+01   9.9051656e+01
   8.6250000e+01   9.9051656e+01
   8.8125000e+01   9.9051656e+01
   9.0000000e+01   9.9051656e+01
   9.1875000e+01   9.9051656e+01
   9.3750000e+01   9.9051656e+01
   9.5625000e+01   9.9051656e+01
   9.7500000e+01   9.9051656e+01
   9.9375000e+01   9.9051656e+01
   1.0125000e+02   9.9051656e+01
   1.0312500e+02   9.9051656e+01
   1.0500000e+02   9.9051656e+01
   1.0687500e+02   9.9051656e+01
   1.0875000e+02   9.9051656e+01
   1.1062500e+02   9.9051656e+01
   1.1250000e+02   9.9051656e+01
   1.1437500e+02   9.9051656e+01
   1.1625000e+02   9.9051656e+01
   1.1812500e+02   9.9051656e+01
   1.2000000e+02   9.9051656e+01
   1.2187500e+02   9.9051656e+01
   1.2375000e+02   9.9051656e+01
   1.2562500e+02   9.9051656e+01
   1.2750000e+02   9.9051656e+01
   1.2937500e+02   9.9051656e+01
   1.3125000e+02   9.9051656e+01
   1.3312500e+02   9.9051656e+01
   1.3500000e+02   9.9051656e+01
   1.3687500e+02   9.9051656e+01
   1.3875000e+02   9.9051656e+01
   1.4062500e+02   9.9051656e+01
   1.4250000e+02   9.9051656e+01
   1.4437500e+02   9.9051656e+01
   1.4625000e+02   9.9051656e+01
   1.4812500e+02   9.9051656e+01
   1.5000000e+02   9.9051656e+01
   1.5093750e+02   9.7427858e+01
   1.5000000e+02   9.5804060e+01
   1.5093750e+02   9.4180263e+01
   1.5000000e+02   9.2556465e+01
   1.5093750e+02   9.0932667e+01
   1.5000000e+02   8.9308870e+01
   1.5093750e+02   8.7685072e+01
   1.5000000e+02   8.6061275e+01
   1.5093750e+02   8.4437477e+01
   1.5000000e+02   8.2813679e+01
   1.5093750e+02   8.1189882e+01
   1.5000000e+02   7.9566084e+01
   1.5093750e+02   7.7942286e+01
   1.5000000e+02   7.6318489e+01
   1.5093750e+02   7.4694691e+01
   1.5000000e+02   7.3070893e+01
   1.5093750e+02   7.1447096e+01
   1.5000000e+02   6.9823298e+01
   1.5093750e+02   6.8199501e+01
   1.5000000e+02   6.6575703e+01
   1.5093750e+02   6.4951905e+01
   1.5000000e+02   6.3328108e+01
   1.5093750e+02   6.1704310e+01
   1.5000000e+02   6.0080512e+01
   1.5093750e+02   5.8456715e+01
   1.5000000e+02   5.6832917e+01
   1.5093750e+02   5.5209119e+01
   1.5000000e+02   5.3585322e+01
   1.5093750e+02   5.1961524e+01
   1.5000000e+02   5.0337727e+01
   1.5093750e+02   4.8713929e+01
   1.5000000e+02   4.7090131e+01
   1.5093750e+02   4.5466334e+01
   1.5000000e+02   4.3842536e+01
   1.5093750e+02   4.2218738e+01
   1.5000000e+02   4.0594941e+01
   1.5093750e+02   3.8971143e+01
   1.5000000e+02   3.7347346e+01
   1.5093750e+02   3.5723548e+01
   1.5000000e+02   3.4099750e+01
   1.5093750e+02   3.2475953e+01
   1.5000000e+02   3.0852155e+01
   1.5093750e+02   2.9228357e+01
   1.5000000e+02   2.7604560e+01
   1.5093750e+02   2.5980762e+01
   1.5000000e+02   2.4356964e+01
   1.5093750e+02   2.2733167e+01
   1.5000000e+02   2.1109369e+01
   1.5093750e+02   1.9485572e+01
   1.5000000e+02   1.7861774e+01
   1.5093750e+02   1.6237976e+01
   1.5000000e+02   1.4614179e+01
   1.5093750e+02   1.2990381e+01
   1.5000000e+02   1.1366583e+01
   1.5093750e+02   9.7427858e+00
   1.5000000e+02   8.1189882e+00
   1.5093750e+02   6.4951905e+00
   1.5000000e+02   4.8713929e+00
   1.5093750e+02   3.2475953e+00
   1.5000000e+02   1.6237976e+00
   1.5093750e+02   0.0000000e+00
   1.4906250e+02   0.0000000e+00
   1.4718750e+02   0.0000000e+00
   1.4531250e+02   0.0000000e+00
   1.4343750e+02   0.0000000e+00
   1.4156250e+02   0.0000000e+00
   1.3968750e+02   0.0000000e+00
   1.3781250e+02   0.0000000e+00
   1.3593750e+02   0.0000000e+00
   1.3406250e+02   0.0000000e+00
   1.3218750e+02   0.0000000e+00
   1.3031250e+02   0.0000000e+00
   1.2843750e+02   0.0000000e+00
   1.2656250e+02   0.0000000e+00
   1.2468750e+02   0.0000000e+00
   1.2281250e+02   0.0000000e+00
   1.2093750e+02   0.0000000e+00
   1.1906250e+02   0.0000000e+00
   1.1718750e+02   0.0000000e+00
   1.1531250e+02   0.0000000e+00
   1.1343750e+02   0.0000000e+00
   1.1156250e+02   0.0000000e+00
   1.0968750e+02   0.0000000e+00
   1.0781250e+02   0.0000000e+00
   1.0593750e+02   0.0000000e+00
   1.0406250e+02   0.0000000e+00
   1.0218750e+02   0.0000000e+00
   1.0031250e+02   0.0000000e+00
   9.8437500e+01   0.0000000e+00
   9.6562500e+01   0.0000000e+00
   9.4687500e+01   0.0000000e+00
   9.2812500e+01   0.0000000e+00
   9.0937500e+01   0.0000000e+00
   8.9062500e+01   0.0000000e+00
   8.7187500e+01   0.0000000e+00
   8.5312500e+01   0.0000000e+00
   8.3437500e+01   0.0000000e+00
   8.1562500e+01   0.0000000e+00
   7.9687500e+01   0.0000000e+00
   7.7812500e+01   0.0000000e+00
   7.5937500e+01   0.0000000e+00
   7.4062500e+01   0.0000000e+00
   7.2187500e+01   0.0000000e+00
   7.0312500e+01   0.0000000e+00
   6.8437500e+01   0.0000000e+00
   6.6562500e+01   0.0000000e+00
   6.4687500e+01   0.0000000e+00
   6.2812500e+01   0.0000000e+00
   6.0937500e+01   0.0000000e+00
   5.9062500e+01   0.0000000e+00
   5.7187500e+01   0.0000000e+00
   5.5312500e+01   0.0000000e+00
   5.3437500e+01   0.0000000e+00
   5.1562500e+01   0.0000000e+00
   4.9687500e+01   0.0000000e+00
   4.7812500e+01   0.0000000e+00
   4.5937500e+01   0.0000000e+00
   4.4062500e+01   0.0000000e+00
   4.2187500e+01   0.0000000e+00
   4.0312500e+01   0.0000000e+00
   3.8437500e+01   0.0000000e+00
   3.6562500e+01   0.0000000e+00
   3.4687500e+01   0.0000000e+00
   3.2812500e+01   0.0000000e+00
   3.0937500e+01   0.0000000e+00
   2.9062500e+01   0.0000000e+00
   2.7187500e+01   0.0000000e+00
   2.5312500e+01   0.0000000e+00
   2.3437500e+01   0.0000000e+00
   2.1562500e+01   0.0000000e+00
   1.9687500e+01   0.0000000e+00
   1.7812500e+01   0.0000000e+00
   1.5937500e+01   0.0000000e+00
   1.4062500e+01   0.0000000e+00
   1.2187500e+01   0.0000000e+00
   1.0312500e+01   0.0000000e+00
   8.4375000e+00   0.0000000e+00
   6.5625000e+00   0.0000000e+00
   4.6875000e+00   0.0000000e+00
   2.8125000e+00   0.0000000e+00
   9.3750000e-01   0.0000000e+00
