   7.5000000e+00   0.0000000e+00
   0.0000000e+00   1.2990381e+01
   7.5000000e+00   2.5980762e+01
   0.0000000e+00   3.8971143e+01
   7.5000000e+00   5.1961524e+01
   0.0000000e+00   6.4951905e+01
   7.5000000e+00   7.7942286e+01
   0.0000000e+00   9.0932667e+01
   1.5000000e+01   9.0932667e+01
   3.0000000e+01   9.0932667e+01
   4.5000000e+01   9.0932667e+01
   6.0000000e+01   9.0932667e+01
   7.5000000e+01   9.0932667e+01
   9.0000000e+01   9.0932667e+01
   1.0500000e+02   9.0932667e+01
   1.2000000e+02   9.0932667e+01
   1.3500000e+02   9.0932667e+01
   1.5000000e+02   9.0932667e+01
   1.5750000e+02   7.7942286e+01
   1.5000000e+02   6.4951905e+01
   1.5750000e+02   5.1961524e+01
   1.5000000e+02   3.8971143e+01
   1.5750000e+02   2.5980762e+01
   1.5000000e+02   1.2990381e+01
   1.5750000e+02   0.0000000e+00
   1.4250000e+02   0.0000000e+00
   1.2750000e+02   0.0000000e+00
   1.1250000e+02   0.0000000e+00
   9.7500000e+01   0.0000000e+00
   8.2500000e+01   0.0000000e+00
   6.7500000e+01   0.0000000e+00
   5.2500000e+01   0.0000000e+00
   3.7500000e+01   0.0000000e+00
   2.2500000e+01   0.0000000e+00
   7.5000000e+00   0.0000000e+00
