   2.5000000e+00   0.0000000e+00   5.3405709e-01
   0.0000000e+00   4.3301270e+00   5.6809446e-01
   2.5000000e+00   8.6602540e+00   6.5307511e-01
   0.0000000e+00   1.2990381e+01   6.4078027e-01
   2.5000000e+00   1.7320508e+01   6.9990175e-01
   0.0000000e+00   2.1650635e+01   6.5697172e-01
   2.5000000e+00   2.5980762e+01   6.9968849e-01
   0.0000000e+00   3.0310889e+01   6.3410897e-01
   2.5000000e+00   3.4641016e+01   6.6692197e-01
   0.0000000e+00   3.8971143e+01   5.8614868e-01
   2.5000000e+00   4.3301270e+01   6.1606861e-01
   0.0000000e+00   4.7631397e+01   5.3014960e-01
   2.5000000e+00   5.1961524e+01   5.6959515e-01
   0.0000000e+00   5.6291651e+01   5.0111643e-01
   2.5000000e+00   6.0621778e+01   5.7732277e-01
   0.0000000e+00   6.4951905e+01   5.3945525e-01
   2.5000000e+00   6.9282032e+01   6.2364548e-01
   0.0000000e+00   7.3612159e+01   5.9014867e-01
   2.5000000e+00   7.7942286e+01   6.6707793e-01
   0.0000000e+00   8.2272413e+01   6.2848343e-01
   2.5000000e+00   8.6602540e+01   6.8971257e-01
   0.0000000e+00   9.0932667e+01   6.4001804e-01
   2.5000000e+00   9.5262794e+01   6.7892655e-01
   0.0000000e+00   9.9592921e+01   6.1211636e-01
   7.5000000e+00   0.0000000e+00   5.8057670e-01
   5.0000000e+00   4.3301270e+00   6.3526341e-01
   7.5000000e+00   8.6602540e+00   7.1593097e-01
   5.0000000e+00   1.2990381e+01   7.2136550e-01
   7.5000000e+00   1.7320508e+01   7.7949742e-01
   5.0000000e+00   2.1650635e+01   7.4968412e-01
   7.5000000e+00   2.5980762e+01   7.9466436e-01
   5.0000000e+00   3.0310889e+01   7.3807111e-01
   7.5000000e+00   3.4641016e+01   7.7614059e-01
   5.0000000e+00   3.8971143e+01   7.0021023e-01
   7.5000000e+00   4.3301270e+01   7.3865008e-01
   5.0000000e+00   4.7631397e+01   6.5347725e-01
   7.5000000e+00   5.1961524e+01   7.0540200e-01
   5.0000000e+00   5.6291651e+01   6.3169065e-01
   7.5000000e+00   6.0621778e+01   7.1038371e-01
   5.0000000e+00   6.4951905e+01   6.6173108e-01
   7.5000000e+00   6.9282032e+01   7.4506468e-01
   5.0000000e+00   7.3612159e+01   7.0459391e-01
   7.5000000e+00   7.7942286e+01   7.7677671e-01
   5.0000000e+00   8.2272413e+01   7.3408891e-01
   7.5000000e+00   8.6602540e+01   7.8680736e-01
   5.0000000e+00   9.0932667e+01   7.3575015e-01
   7.5000000e+00   9.5262794e+01   7.6240615e-01
   5.0000000e+00   9.9592921e+01   6.9715647e-01
   1.2500000e+01   0.0000000e+00   6.0792342e-01
   1.0000000e+01   4.3301270e+00   6.7855572e-01
   1.2500000e+01   8.6602540e+00   7.6090057e-01
   1.0000000e+01   1.2990381e+01   7.8458421e-01
   1.2500000e+01   1.7320508e+01   8.4671311e-01
   1.0000000e+01   2.1650635e+01   8.3224625e-01
   1.2500000e+01   2.5980762e+01   8.8350183e-01
   1.0000000e+01   3.0310889e+01   8.3872350e-01
   1.2500000e+01   3.4641016e+01   8.8529974e-01
   1.0000000e+01   3.8971143e+01   8.1778154e-01
   1.2500000e+01   4.3301270e+01   8.6654437e-01
   1.0000000e+01   4.7631397e+01   7.8697777e-01
   1.2500000e+01   5.1961524e+01   8.4776609e-01
   1.0000000e+01   5.6291651e+01   7.7357689e-01
   1.2500000e+01   6.0621778e+01   8.5066742e-01
   1.0000000e+01   6.4951905e+01   7.9270298e-01
   1.2500000e+01   6.9282032e+01   8.7080799e-01
   1.0000000e+01   7.3612159e+01   8.2125836e-01
   1.2500000e+01   7.7942286e+01   8.8548900e-01
   1.0000000e+01   8.2272413e+01   8.3566303e-01
   1.2500000e+01   8.6602540e+01   8.7730172e-01
   1.0000000e+01   9.0932667e+01   8.2124253e-01
   1.2500000e+01   9.5262794e+01   8.3374396e-01
   1.0000000e+01   9.9592921e+01   7.6554779e-01
   1.7500000e+01   0.0000000e+00   6.2172018e-01
   1.5000000e+01   4.3301270e+00   7.0627475e-01
   1.7500000e+01   8.6602540e+00   7.9340342e-01
   1.5000000e+01   1.2990381e+01   8.3453404e-01
   1.7500000e+01   1.7320508e+01   9.0447933e-01
   1.5000000e+01   2.1650635e+01   9.0653009e-01
   1.7500000e+01   2.5980762e+01   9.6739678e-01
   1.5000000e+01   3.0310889e+01   9.3651922e-01
   1.7500000e+01   3.4641016e+01   9.9389579e-01
   1.5000000e+01   3.8971143e+01   9.3729755e-01
   1.7500000e+01   4.3301270e+01   9.9661507e-01
   1.5000000e+01   4.7631397e+01   9.2468468e-01
   1.7500000e+01   5.1961524e+01   9.9167796e-01
   1.5000000e+01   5.6291651e+01   9.1855820e-01
   1.7500000e+01   6.0621778e+01   9.9302346e-01
   1.5000000e+01   6.4951905e+01   9.2789963e-01
   1.7500000e+01   6.9282032e+01   9.9839908e-01
   1.5000000e+01   7.3612159e+01   9.3905166e-01
   1.7500000e+01   7.7942286e+01   9.9286506e-01
   1.5000000e+01   8.2272413e+01   9.3365988e-01
   1.7500000e+01   8.6602540e+01   9.6226461e-01
   1.5000000e+01   9.0932667e+01   8.9823006e-01
   1.7500000e+01   9.5262794e+01   8.9563157e-01
   1.5000000e+01   9.9592921e+01   8.2133069e-01
   2.2500000e+01   0.0000000e+00   6.2538932e-01
   2.0000000e+01   4.3301270e+00   7.2304242e-01
   2.2500000e+01   8.6602540e+00   8.1714275e-01
   2.0000000e+01   1.2990381e+01   8.7498810e-01
   2.2500000e+01   1.7320508e+01   9.5547174e-01
   2.0000000e+01   2.1650635e+01   9.7455279e-01
   2.2500000e+01   2.5980762e+01   1.0476000e+00
   2.0000000e+01   3.0310889e+01   1.0318907e+00
   2.2500000e+01   3.4641016e+01   1.1016785e+00
   2.0000000e+01   3.8971143e+01   1.0573178e+00
   2.2500000e+01   4.3301270e+01   1.1271313e+00
   2.0000000e+01   4.7631397e+01   1.0633703e+00
   2.2500000e+01   5.1961524e+01   1.1353689e+00
   2.0000000e+01   5.6291651e+01   1.0637810e+00
   2.2500000e+01   6.0621778e+01   1.1353471e+00
   2.0000000e+01   6.4951905e+01   1.0642456e+00
   2.2500000e+01   6.9282032e+01   1.1261605e+00
   2.0000000e+01   7.3612159e+01   1.0567653e+00
   2.2500000e+01   7.7942286e+01   1.0986074e+00
   2.0000000e+01   8.2272413e+01   1.0284377e+00
   2.2500000e+01   8.6602540e+01   1.0426804e+00
   2.0000000e+01   9.0932667e+01   9.6845436e-01
   2.2500000e+01   9.5262794e+01   9.5025204e-01
   2.0000000e+01   9.9592921e+01   8.6771833e-01
   2.7500000e+01   0.0000000e+00   6.2129388e-01
   2.5000000e+01   4.3301270e+00   7.3177409e-01
   2.7500000e+01   8.6602540e+00   8.3463271e-01
   2.5000000e+01   1.2990381e+01   9.0880564e-01
   2.7500000e+01   1.7320508e+01   1.0018708e+00
   2.5000000e+01   2.1650635e+01   1.0381906e+00
   2.7500000e+01   2.5980762e+01   1.1254118e+00
   2.5000000e+01   3.0310889e+01   1.1254854e+00
   2.7500000e+01   3.4641016e+01   1.2089558e+00
   2.5000000e+01   3.8971143e+01   1.1772668e+00
   2.7500000e+01   4.3301270e+01   1.2577423e+00
   2.5000000e+01   4.7631397e+01   1.2019544e+00
   2.7500000e+01   5.1961524e+01   1.2786446e+00
   2.5000000e+01   5.6291651e+01   1.2084032e+00
   2.7500000e+01   6.0621778e+01   1.2771853e+00
   2.5000000e+01   6.4951905e+01   1.2004018e+00
   2.7500000e+01   6.9282032e+01   1.2534585e+00
   2.5000000e+01   7.3612159e+01   1.1737011e+00
   2.7500000e+01   7.7942286e+01   1.2027180e+00
   2.5000000e+01   8.2272413e+01   1.1203801e+00
   2.7500000e+01   8.6602540e+01   1.1193964e+00
   2.5000000e+01   9.0932667e+01   1.0333329e+00
   2.7500000e+01   9.5262794e+01   9.9913678e-01
   2.5000000e+01   9.9592921e+01   9.0682213e-01
   3.2500000e+01   0.0000000e+00   6.1117789e-01
   3.0000000e+01   4.3301270e+00   7.3449781e-01
   3.2500000e+01   8.6602540e+00   8.4767909e-01
   3.0000000e+01   1.2990381e+01   9.3809598e-01
   3.2500000e+01   1.7320508e+01   1.0454470e+00
   3.0000000e+01   2.1650635e+01   1.0991251e+00
   3.2500000e+01   2.5980762e+01   1.2022065e+00
   3.0000000e+01   3.0310889e+01   1.2182612e+00
   3.2500000e+01   3.4641016e+01   1.3166041e+00
   3.0000000e+01   3.8971143e+01   1.2974690e+00
   3.2500000e+01   4.3301270e+01   1.3890932e+00
   3.0000000e+01   4.7631397e+01   1.3406685e+00
   3.2500000e+01   5.1961524e+01   1.4222569e+00
   3.0000000e+01   5.6291651e+01   1.3527281e+00
   3.2500000e+01   6.0621778e+01   1.4190596e+00
   3.0000000e+01   6.4951905e+01   1.3362446e+00
   3.2500000e+01   6.9282032e+01   1.3804858e+00
   3.0000000e+01   7.3612159e+01   1.2897916e+00
   3.2500000e+01   7.7942286e+01   1.3055370e+00
   3.0000000e+01   8.2272413e+01   1.2099638e+00
   3.2500000e+01   8.6602540e+01   1.1931500e+00
   3.0000000e+01   9.0932667e+01   1.0939277e+00
   3.2500000e+01   9.5262794e+01   1.0433171e+00
   3.0000000e+01   9.9592921e+01   9.3997906e-01
   3.7500000e+01   0.0000000e+00   5.9640428e-01
   3.5000000e+01   4.3301270e+00   7.3272639e-01
   3.7500000e+01   8.6602540e+00   8.5767489e-01
   3.5000000e+01   1.2990381e+01   9.6448640e-01
   3.7500000e+01   1.7320508e+01   1.0877207e+00
   3.5000000e+01   2.1650635e+01   1.1589088e+00
   3.7500000e+01   2.5980762e+01   1.2794642e+00
   3.5000000e+01   3.0310889e+01   1.3114859e+00
   3.7500000e+01   3.4641016e+01   1.4259675e+00
   3.5000000e+01   3.8971143e+01   1.4189567e+00
   3.7500000e+01   4.3301270e+01   1.5224995e+00
   3.5000000e+01   4.7631397e+01   1.4805691e+00
   3.7500000e+01   5.1961524e+01   1.5675607e+00
   3.5000000e+01   5.6291651e+01   1.4977820e+00
   3.7500000e+01   6.0621778e+01   1.5620902e+00
   3.5000000e+01   6.4951905e+01   1.4724271e+00
   3.7500000e+01   6.9282032e+01   1.5079906e+00
   3.5000000e+01   7.3612159e+01   1.4054864e+00
   3.7500000e+01   7.7942286e+01   1.4076771e+00
   3.5000000e+01   8.2272413e+01   1.2977731e+00
   3.7500000e+01   8.6602540e+01   1.2646121e+00
   3.5000000e+01   9.0932667e+01   1.1510354e+00
   3.7500000e+01   9.5262794e+01   1.0834980e+00
   3.5000000e+01   9.9592921e+01   9.6803791e-01
   4.2500000e+01   0.0000000e+00   5.7810715e-01
   4.0000000e+01   4.3301270e+00   7.2766666e-01
   4.2500000e+01   8.6602540e+00   8.6578173e-01
   4.0000000e+01   1.2990381e+01   9.8933175e-01
   4.2500000e+01   1.7320508e+01   1.1301046e+00
   4.0000000e+01   2.1650635e+01   1.2190584e+00
   4.2500000e+01   2.5980762e+01   1.3588022e+00
   4.0000000e+01   3.0310889e+01   1.4067037e+00
   4.2500000e+01   3.4641016e+01   1.5387452e+00
   4.0000000e+01   3.8971143e+01   1.5432670e+00
   4.2500000e+01   4.3301270e+01   1.6597082e+00
   4.0000000e+01   4.7631397e+01   1.6232346e+00
   4.2500000e+01   5.1961524e+01   1.7162775e+00
   4.0000000e+01   5.6291651e+01   1.6450439e+00
   4.2500000e+01   6.0621778e+01   1.7077419e+00
   4.0000000e+01   6.4951905e+01   1.6100720e+00
   4.2500000e+01   6.9282032e+01   1.6370463e+00
   4.0000000e+01   7.3612159e+01   1.5215826e+00
   4.2500000e+01   7.7942286e+01   1.5099249e+00
   4.0000000e+01   8.2272413e+01   1.3844786e+00
   4.2500000e+01   8.6602540e+01   1.3344157e+00
   4.0000000e+01   9.0932667e+01   1.2052840e+00
   4.2500000e+01   9.5262794e+01   1.1201879e+00
   4.0000000e+01   9.9592921e+01   9.9154909e-01
   4.7500000e+01   0.0000000e+00   5.5729754e-01
   4.5000000e+01   4.3301270e+00   7.2035063e-01
   4.7500000e+01   8.6602540e+00   8.7304367e-01
   4.5000000e+01   1.2990381e+01   1.0138620e+00
   4.7500000e+01   1.7320508e+01   1.1740269e+00
   4.5000000e+01   2.1650635e+01   1.2811445e+00
   4.7500000e+01   2.5980762e+01   1.4420092e+00
   4.5000000e+01   3.0310889e+01   1.5056990e+00
   4.7500000e+01   3.4641016e+01   1.6568922e+00
   4.5000000e+01   3.8971143e+01   1.6722730e+00
   4.7500000e+01   4.3301270e+01   1.8027106e+00
   4.5000000e+01   4.7631397e+01   1.7705475e+00
   4.7500000e+01   5.1961524e+01   1.8703018e+00
   4.5000000e+01   5.6291651e+01   1.7962360e+00
   4.7500000e+01   6.0621778e+01   1.8576206e+00
   4.5000000e+01   6.4951905e+01   1.7505417e+00
   4.7500000e+01   6.9282032e+01   1.7688578e+00
   4.5000000e+01   7.3612159e+01   1.6390622e+00
   4.7500000e+01   7.7942286e+01   1.6131363e+00
   4.5000000e+01   8.2272413e+01   1.4707971e+00
   4.7500000e+01   8.6602540e+01   1.4031648e+00
   4.5000000e+01   9.0932667e+01   1.2572027e+00
   4.7500000e+01   9.5262794e+01   1.1537889e+00
   4.5000000e+01   9.9592921e+01   1.0108898e+00
   5.2500000e+01   0.0000000e+00   5.3492689e-01
   5.0000000e+01   4.3301270e+00   7.1171352e-01
   5.2500000e+01   8.6602540e+00   8.8045998e-01
   5.0000000e+01   1.2990381e+01   1.0393012e+00
   5.2500000e+01   1.7320508e+01   1.2210749e+00
   5.0000000e+01   2.1650635e+01   1.3468868e+00
   5.2500000e+01   2.5980762e+01   1.5310880e+00
   5.0000000e+01   3.0310889e+01   1.6104664e+00
   5.2500000e+01   3.4641016e+01   1.7825235e+00
   5.0000000e+01   3.8971143e+01   1.8080388e+00
   5.2500000e+01   4.3301270e+01   1.9535704e+00
   5.0000000e+01   4.7631397e+01   1.9245092e+00
   5.2500000e+01   5.1961524e+01   2.0315174e+00
   5.0000000e+01   5.6291651e+01   1.9531376e+00
   5.2500000e+01   6.0621778e+01   2.0132841e+00
   5.0000000e+01   6.4951905e+01   1.8952435e+00
   5.2500000e+01   6.9282032e+01   1.9045855e+00
   5.0000000e+01   7.3612159e+01   1.7589407e+00
   5.2500000e+01   7.7942286e+01   1.7181283e+00
   5.0000000e+01   8.2272413e+01   1.5574384e+00
   5.2500000e+01   8.6602540e+01   1.4714273e+00
   5.0000000e+01   9.0932667e+01   1.3072681e+00
   5.2500000e+01   9.5262794e+01   1.1846675e+00
   5.0000000e+01   9.9592921e+01   1.0263561e+00
   5.7500000e+01   0.0000000e+00   5.1182486e-01
   5.5000000e+01   4.3301270e+00   7.0258779e-01
   5.7500000e+01   8.6602540e+00   8.8909729e-01
   5.5000000e+01   1.2990381e+01   1.0670337e+00
   5.7500000e+01   1.7320508e+01   1.2732364e+00
   5.5000000e+01   2.1650635e+01   1.4182827e+00
   5.7500000e+01   2.5980762e+01   1.6282962e+00
   5.5000000e+01   3.0310889e+01   1.7231725e+00
   5.7500000e+01   3.4641016e+01   1.9177878e+00
   5.5000000e+01   3.8971143e+01   1.9526671e+00
   5.7500000e+01   4.3301270e+01   2.1142322e+00
   5.5000000e+01   4.7631397e+01   2.0870527e+00
   5.7500000e+01   5.1961524e+01   2.2015981e+00
   5.5000000e+01   5.6291651e+01   2.1173947e+00
   5.7500000e+01   6.0621778e+01   2.1760448e+00
   5.5000000e+01   6.4951905e+01   2.0454411e+00
   5.7500000e+01   6.9282032e+01   2.0451629e+00
   5.5000000e+01   7.3612159e+01   1.8821162e+00
   5.7500000e+01   7.7942286e+01   1.8255587e+00
   5.5000000e+01   8.2272413e+01   1.6450409e+00
   5.7500000e+01   8.6602540e+01   1.5397161e+00
   5.5000000e+01   9.0932667e+01   1.3559384e+00
   5.7500000e+01   9.5262794e+01   1.2132289e+00
   5.5000000e+01   9.9592921e+01   1.0382508e+00
   6.2500000e+01   0.0000000e+00   4.8754525e-01
   6.0000000e+01   4.3301270e+00   6.9349513e-01
   6.2500000e+01   8.6602540e+00   9.0077551e-01
   6.0000000e+01   1.2990381e+01   1.0990122e+00
   6.2500000e+01   1.7320508e+01   1.3332955e+00
   6.0000000e+01   2.1650635e+01   1.4977734e+00
   6.2500000e+01   2.5980762e+01   1.7361277e+00
   6.0000000e+01   3.0310889e+01   1.8460696e+00
   6.2500000e+01   3.4641016e+01   2.0646644e+00
   6.0000000e+01   3.8971143e+01   2.1081028e+00
   6.2500000e+01   4.3301270e+01   2.2862793e+00
   6.0000000e+01   4.7631397e+01   2.2598265e+00
   6.2500000e+01   5.1961524e+01   2.3817761e+00
   6.0000000e+01   5.6291651e+01   2.2903096e+00
   6.2500000e+01   6.0621778e+01   2.3467465e+00
   6.0000000e+01   6.4951905e+01   2.2020504e+00
   6.2500000e+01   6.9282032e+01   2.1910908e+00
   6.0000000e+01   7.3612159e+01   2.0092000e+00
   6.2500000e+01   7.7942286e+01   1.9357766e+00
   6.0000000e+01   8.2272413e+01   1.7340874e+00
   6.2500000e+01   8.6602540e+01   1.6084519e+00
   6.0000000e+01   9.0932667e+01   1.4036869e+00
   6.2500000e+01   9.5262794e+01   1.2400149e+00
   6.0000000e+01   9.9592921e+01   1.0469965e+00
   6.7500000e+01   0.0000000e+00   4.6609768e-01
   6.5000000e+01   4.3301270e+00   6.8609214e-01
   6.7500000e+01   8.6602540e+00   9.2000008e-01
   6.5000000e+01   1.2990381e+01   1.1386209e+00
   6.7500000e+01   1.7320508e+01   1.4052035e+00
   6.5000000e+01   2.1650635e+01   1.5883563e+00
   6.7500000e+01   2.5980762e+01   1.8570980e+00
   6.5000000e+01   3.0310889e+01   1.9812840e+00
   6.7500000e+01   3.4641016e+01   2.2246169e+00
   6.5000000e+01   3.8971143e+01   2.2758498e+00
   6.7500000e+01   4.3301270e+01   2.4706155e+00
   6.5000000e+01   4.7631397e+01   2.4439300e+00
   6.7500000e+01   5.1961524e+01   2.5725666e+00
   6.5000000e+01   5.6291651e+01   2.4725963e+00
   6.7500000e+01   6.0621778e+01   2.5255051e+00
   6.5000000e+01   6.4951905e+01   2.3654052e+00
   6.7500000e+01   6.9282032e+01   2.3421911e+00
   6.5000000e+01   7.3612159e+01   2.1403135e+00
   6.7500000e+01   7.7942286e+01   2.0486266e+00
   6.5000000e+01   8.2272413e+01   1.8247843e+00
   6.7500000e+01   8.6602540e+01   1.6778817e+00
   6.5000000e+01   9.0932667e+01   1.4510301e+00
   6.7500000e+01   9.5262794e+01   1.2658334e+00
   6.5000000e+01   9.9592921e+01   1.0533144e+00
   7.2500000e+01   0.0000000e+00   4.5704996e-01
   7.0000000e+01   4.3301270e+00   6.8734125e-01
   7.2500000e+01   8.6602540e+00   9.5505757e-01
   7.0000000e+01   1.2990381e+01   1.1914935e+00
   7.2500000e+01   1.7320508e+01   1.4938715e+00
   7.0000000e+01   2.1650635e+01   1.6933779e+00
   7.2500000e+01   2.5980762e+01   1.9931487e+00
   7.0000000e+01   3.0310889e+01   2.1303749e+00
   7.2500000e+01   3.4641016e+01   2.3980600e+00
   7.0000000e+01   3.8971143e+01   2.4565682e+00
   7.2500000e+01   4.3301270e+01   2.6670604e+00
   7.0000000e+01   4.7631397e+01   2.6395889e+00
   7.2500000e+01   5.1961524e+01   2.7734467e+00
   7.0000000e+01   5.6291651e+01   2.6640950e+00
   7.2500000e+01   6.0621778e+01   2.7114052e+00
   7.0000000e+01   6.4951905e+01   2.5349791e+00
   7.2500000e+01   6.9282032e+01   2.4973128e+00
   7.0000000e+01   7.3612159e+01   2.2748345e+00
   7.2500000e+01   7.7942286e+01   2.1631895e+00
   7.0000000e+01   8.2272413e+01   1.9168757e+00
   7.2500000e+01   8.6602540e+01   1.7479009e+00
   7.0000000e+01   9.0932667e+01   1.4985083e+00
   7.2500000e+01   9.5262794e+01   1.2918538e+00
   7.0000000e+01   9.9592921e+01   1.0585153e+00
   7.7500000e+01   0.0000000e+00   4.7341670e-01
   7.5000000e+01   4.3301270e+00   7.0831892e-01
   7.7500000e+01   8.6602540e+00   1.0179324e+00
   7.5000000e+01   1.2990381e+01   1.2652410e+00
   7.7500000e+01   1.7320508e+01   1.6037300e+00
   7.5000000e+01   2.1650635e+01   1.8156528e+00
   7.7500000e+01   2.5980762e+01   2.1445683e+00
   7.5000000e+01   3.0310889e+01   2.2935974e+00
   7.7500000e+01   3.4641016e+01   2.5836462e+00
   7.5000000e+01   3.8971143e+01   2.6495445e+00
   7.7500000e+01   4.3301270e+01   2.8738709e+00
   7.5000000e+01   4.7631397e+01   2.8457748e+00
   7.7500000e+01   5.1961524e+01   2.9824918e+00
   7.5000000e+01   5.6291651e+01   2.8634435e+00
   7.7500000e+01   6.0621778e+01   2.9021479e+00
   7.5000000e+01   6.4951905e+01   2.7090593e+00
   7.7500000e+01   6.9282032e+01   2.6539879e+00
   7.5000000e+01   7.3612159e+01   2.4110908e+00
   7.7500000e+01   7.7942286e+01   2.2774687e+00
   7.5000000e+01   8.2272413e+01   2.0093701e+00
   7.7500000e+01   8.6602540e+01   1.8177239e+00
   7.5000000e+01   9.0932667e+01   1.5465002e+00
   7.7500000e+01   9.5262794e+01   1.3193836e+00
   7.5000000e+01   9.9592921e+01   1.0648605e+00
   8.2500000e+01   0.0000000e+00   5.5016804e-01
   8.0000000e+01   4.3301270e+00   7.6858472e-01
   8.2500000e+01   8.6602540e+00   1.1200295e+00
   8.0000000e+01   1.2990381e+01   1.3669716e+00
   8.2500000e+01   1.7320508e+01   1.7357151e+00
   8.0000000e+01   2.1650635e+01   1.9557530e+00
   8.2500000e+01   2.5980762e+01   2.3086224e+00
   8.0000000e+01   3.0310889e+01   2.4689256e+00
   8.2500000e+01   3.4641016e+01   2.7774680e+00
   8.0000000e+01   3.8971143e+01   2.8520690e+00
   8.2500000e+01   4.3301270e+01   3.0872151e+00
   8.0000000e+01   4.7631397e+01   3.0597810e+00
   8.2500000e+01   5.1961524e+01   3.1959756e+00
   8.0000000e+01   5.6291651e+01   3.0677029e+00
   8.2500000e+01   6.0621778e+01   3.0936361e+00
   8.0000000e+01   6.4951905e+01   2.8843661e+00
   8.2500000e+01   6.9282032e+01   2.8080495e+00
   8.0000000e+01   7.3612159e+01   2.5460204e+00
   8.2500000e+01   7.7942286e+01   2.3880754e+00
   8.0000000e+01   8.2272413e+01   2.1002019e+00
   8.2500000e+01   8.6602540e+01   1.8854511e+00
   8.0000000e+01   9.0932667e+01   1.5947137e+00
   8.2500000e+01   9.5262794e+01   1.3488310e+00
   8.0000000e+01   9.9592921e+01   1.0752767e+00
   8.7500000e+01   0.0000000e+00   6.8399145e-01
   8.5000000e+01   4.3301270e+00   8.8487781e-01
   8.7500000e+01   8.6602540e+00   1.2569912e+00
   8.5000000e+01   1.2990381e+01   1.4971732e+00
   8.7500000e+01   1.7320508e+01   1.8841898e+00
   8.5000000e+01   2.1650635e+01   2.1099945e+00
   8.7500000e+01   2.5980762e+01   2.4784888e+00
   8.5000000e+01   3.0310889e+01   2.6510888e+00
   8.7500000e+01   3.4641016e+01   2.9723351e+00
   8.5000000e+01   3.8971143e+01   3.0587826e+00
   8.7500000e+01   4.3301270e+01   3.3006133e+00
   8.5000000e+01   4.7631397e+01   3.2767678e+00
   8.7500000e+01   5.1961524e+01   3.4079177e+00
   8.5000000e+01   5.6291651e+01   3.2719217e+00
   8.7500000e+01   6.0621778e+01   3.2794628e+00
   8.5000000e+01   6.4951905e+01   3.0556087e+00
   8.7500000e+01   6.9282032e+01   2.9532365e+00
   8.5000000e+01   7.3612159e+01   2.6748449e+00
   8.7500000e+01   7.7942286e+01   2.4900209e+00
   8.5000000e+01   8.2272413e+01   2.1859488e+00
   8.7500000e+01   8.6602540e+01   1.9478081e+00
   8.5000000e+01   9.0932667e+01   1.6414801e+00
   8.7500000e+01   9.5262794e+01   1.3783502e+00
   8.5000000e+01   9.9592921e+01   1.0906628e+00
   9.2500000e+01   0.0000000e+00   8.3357906e-01
   9.0000000e+01   4.3301270e+00   1.0329042e+00
   9.2500000e+01   8.6602540e+00   1.4090187e+00
   9.0000000e+01   1.2990381e+01   1.6454782e+00
   9.2500000e+01   1.7320508e+01   2.0371137e+00
   9.0000000e+01   2.1650635e+01   2.2695064e+00
   9.2500000e+01   2.5980762e+01   2.6431612e+00
   9.0000000e+01   3.0310889e+01   2.8309757e+00
   9.2500000e+01   3.4641016e+01   3.1572521e+00
   9.0000000e+01   3.8971143e+01   3.2610279e+00
   9.2500000e+01   4.3301270e+01   3.5042781e+00
   9.0000000e+01   4.7631397e+01   3.4892497e+00
   9.2500000e+01   5.1961524e+01   3.6095071e+00
   9.0000000e+01   5.6291651e+01   3.4685782e+00
   9.2500000e+01   6.0621778e+01   3.4502161e+00
   9.0000000e+01   6.4951905e+01   3.2149604e+00
   9.2500000e+01   6.9282032e+01   3.0808355e+00
   9.0000000e+01   7.3612159e+01   2.7908377e+00
   9.2500000e+01   7.7942286e+01   2.5767444e+00
   9.0000000e+01   8.2272413e+01   2.2618011e+00
   9.2500000e+01   8.6602540e+01   2.0003962e+00
   9.0000000e+01   9.0932667e+01   1.6835680e+00
   9.2500000e+01   9.5262794e+01   1.4042442e+00
   9.0000000e+01   9.9592921e+01   1.1075248e+00
   9.7500000e+01   0.0000000e+00   9.8055870e-01
   9.5000000e+01   4.3301270e+00   1.1862347e+00
   9.7500000e+01   8.6602540e+00   1.5566874e+00
   9.5000000e+01   1.2990381e+01   1.7954035e+00
   9.7500000e+01   1.7320508e+01   2.1794878e+00
   9.5000000e+01   2.1650635e+01   2.4213083e+00
   9.7500000e+01   2.5980762e+01   2.7884901e+00
   9.5000000e+01   3.0310889e+01   2.9956642e+00
   9.7500000e+01   3.4641016e+01   3.3171693e+00
   9.5000000e+01   3.8971143e+01   3.4461379e+00
   9.7500000e+01   4.3301270e+01   3.6840954e+00
   9.5000000e+01   4.7631397e+01   3.6864034e+00
   9.7500000e+01   5.1961524e+01   3.7881883e+00
   9.5000000e+01   5.6291651e+01   3.6467387e+00
   9.7500000e+01   6.0621778e+01   3.5924549e+00
   9.5000000e+01   6.4951905e+01   3.3514495e+00
   9.7500000e+01   6.9282032e+01   3.1795207e+00
   9.5000000e+01   7.3612159e+01   2.8853085e+00
   9.7500000e+01   7.7942286e+01   2.6404786e+00
   9.5000000e+01   8.2272413e+01   2.3219069e+00
   9.7500000e+01   8.6602540e+01   2.0384390e+00
   9.5000000e+01   9.0932667e+01   1.7170341e+00
   9.7500000e+01   9.5262794e+01   1.4231207e+00
   9.5000000e+01   9.9592921e+01   1.1212128e+00
   1.0250000e+02   0.0000000e+00   1.1128412e+00
   1.0000000e+02   4.3301270e+00   1.3285427e+00
   1.0250000e+02   8.6602540e+00   1.6854279e+00
   1.0000000e+02   1.2990381e+01   1.9308673e+00
   1.0250000e+02   1.7320508e+01   2.2968135e+00
   1.0000000e+02   2.1650635e+01   2.5506847e+00
   1.0250000e+02   2.5980762e+01   2.8990803e+00
   1.0000000e+02   3.0310889e+01   3.1292056e+00
   1.0250000e+02   3.4641016e+01   3.4333096e+00
   1.0000000e+02   3.8971143e+01   3.5965127e+00
   1.0250000e+02   4.3301270e+01   3.8195686e+00
   1.0000000e+02   4.7631397e+01   3.8528089e+00
   1.0250000e+02   5.1961524e+01   3.9257444e+00
   1.0000000e+02   5.6291651e+01   3.7905051e+00
   1.0250000e+02   6.0621778e+01   3.6873065e+00
   1.0000000e+02   6.4951905e+01   3.4504363e+00
   1.0250000e+02   6.9282032e+01   3.2358340e+00
   1.0000000e+02   7.3612159e+01   2.9480177e+00
   1.0250000e+02   7.7942286e+01   2.6730300e+00
   1.0000000e+02   8.2272413e+01   2.3600371e+00
   1.0250000e+02   8.6602540e+01   2.0576063e+00
   1.0000000e+02   9.0932667e+01   1.7384988e+00
   1.0250000e+02   9.5262794e+01   1.4335837e+00
   1.0000000e+02   9.9592921e+01   1.1295888e+00
   1.0750000e+02   0.0000000e+00   1.2218830e+00
   1.0500000e+02   4.3301270e+00   1.4486748e+00
   1.0750000e+02   8.6602540e+00   1.7848354e+00
   1.0500000e+02   1.2990381e+01   2.0388250e+00
   1.0750000e+02   1.7320508e+01   2.3771850e+00
   1.0500000e+02   2.1650635e+01   2.6436918e+00
   1.0750000e+02   2.5980762e+01   2.9608312e+00
   1.0500000e+02   3.0310889e+01   3.2144900e+00
   1.0750000e+02   3.4641016e+01   3.4853891e+00
   1.0500000e+02   3.8971143e+01   3.6888467e+00
   1.0750000e+02   4.3301270e+01   3.8798685e+00
   1.0500000e+02   4.7631397e+01   3.9652527e+00
   1.0750000e+02   5.1961524e+01   3.9923977e+00
   1.0500000e+02   5.6291651e+01   3.8757140e+00
   1.0750000e+02   6.0621778e+01   3.7101350e+00
   1.0500000e+02   6.4951905e+01   3.4940359e+00
   1.0750000e+02   6.9282032e+01   3.2361599e+00
   1.0500000e+02   7.3612159e+01   2.9683442e+00
   1.0750000e+02   7.7942286e+01   2.6669818e+00
   1.0500000e+02   8.2272413e+01   2.3703893e+00
   1.0750000e+02   8.6602540e+01   2.0544822e+00
   1.0500000e+02   9.0932667e+01   1.7458773e+00
   1.0750000e+02   9.5262794e+01   1.4363852e+00
   1.0500000e+02   9.9592921e+01   1.1342859e+00
   1.1250000e+02   0.0000000e+00   1.3018528e+00
   1.1000000e+02   4.3301270e+00   1.5389330e+00
   1.1250000e+02   8.6602540e+00   1.8480381e+00
   1.1000000e+02   1.2990381e+01   2.1098617e+00
   1.1250000e+02   1.7320508e+01   2.4124445e+00
   1.1000000e+02   2.1650635e+01   2.6893401e+00
   1.1250000e+02   2.5980762e+01   2.9638102e+00
   1.1000000e+02   3.0310889e+01   3.2367415e+00
   1.1250000e+02   3.4641016e+01   3.4578312e+00
   1.1000000e+02   3.8971143e+01   3.6971087e+00
   1.1250000e+02   4.3301270e+01   3.8278944e+00
   1.1000000e+02   4.7631397e+01   3.9799330e+00
   1.1250000e+02   5.1961524e+01   3.9251273e+00
   1.1000000e+02   5.6291651e+01   3.8656596e+00
   1.1250000e+02   6.0621778e+01   3.6383376e+00
   1.1000000e+02   6.4951905e+01   3.4647679e+00
   1.1250000e+02   6.9282032e+01   3.1706752e+00
   1.1000000e+02   7.3612159e+01   2.9373968e+00
   1.1250000e+02   7.7942286e+01   2.6171039e+00
   1.1000000e+02   8.2272413e+01   2.3483364e+00
   1.1250000e+02   8.6602540e+01   2.0265348e+00
   1.1000000e+02   9.0932667e+01   1.7380470e+00
   1.1250000e+02   9.5262794e+01   1.4325169e+00
   1.1000000e+02   9.9592921e+01   1.1399403e+00
   1.1750000e+02   0.0000000e+00   1.3492439e+00
   1.1500000e+02   4.3301270e+00   1.5944879e+00
   1.1750000e+02   8.6602540e+00   1.8713502e+00
   1.1500000e+02   1.2990381e+01   2.1382986e+00
   1.1750000e+02   1.7320508e+01   2.3986874e+00
   1.1500000e+02   2.1650635e+01   2.6812164e+00
   1.1750000e+02   2.5980762e+01   2.9043846e+00
   1.1500000e+02   3.0310889e+01   3.1880061e+00
   1.1750000e+02   3.4641016e+01   3.3474983e+00
   1.1500000e+02   3.8971143e+01   3.6066193e+00
   1.1750000e+02   4.3301270e+01   3.6609255e+00
   1.1500000e+02   4.7631397e+01   3.8428078e+00
   1.1750000e+02   5.1961524e+01   3.7214922e+00
   1.1500000e+02   5.6291651e+01   3.7332800e+00
   1.1750000e+02   6.0621778e+01   3.4696745e+00
   1.1500000e+02   6.4951905e+01   3.3536221e+00
   1.1750000e+02   6.9282032e+01   3.0372906e+00
   1.1500000e+02   7.3612159e+01   2.8504567e+00
   1.1750000e+02   7.7942286e+01   2.5214073e+00
   1.1500000e+02   8.2272413e+01   2.2909667e+00
   1.1750000e+02   8.6602540e+01   1.9718821e+00
   1.1500000e+02   9.0932667e+01   1.7136780e+00
   1.1750000e+02   9.5262794e+01   1.4203103e+00
   1.1500000e+02   9.9592921e+01   1.1487688e+00
   1.2250000e+02   0.0000000e+00   1.3625622e+00
   1.2000000e+02   4.3301270e+00   1.6130383e+00
   1.2250000e+02   8.6602540e+00   1.8539002e+00
   1.2000000e+02   1.2990381e+01   2.1220348e+00
   1.2250000e+02   1.7320508e+01   2.3360593e+00
   1.2000000e+02   2.1650635e+01   2.6180738e+00
   1.2250000e+02   2.5980762e+01   2.7852902e+00
   1.2000000e+02   3.0310889e+01   3.0694989e+00
   1.2250000e+02   3.4641016e+01   3.1639018e+00
   1.2000000e+02   3.8971143e+01   3.4262952e+00
   1.2250000e+02   4.3301270e+01   3.4108641e+00
   1.2000000e+02   4.7631397e+01   3.6028447e+00
   1.2250000e+02   5.1961524e+01   3.4398616e+00
   1.2000000e+02   5.6291651e+01   3.5010249e+00
   1.2250000e+02   6.0621778e+01   3.2224860e+00
   1.2000000e+02   6.4951905e+01   3.1653451e+00
   1.2250000e+02   6.9282032e+01   2.8418458e+00
   1.2000000e+02   7.3612159e+01   2.7082160e+00
   1.2250000e+02   7.7942286e+01   2.3812797e+00
   1.2000000e+02   8.2272413e+01   2.1973281e+00
   1.2250000e+02   8.6602540e+01   1.8893223e+00
   1.2000000e+02   9.0932667e+01   1.6705062e+00
   1.2250000e+02   9.5262794e+01   1.3953439e+00
   1.2000000e+02   9.9592921e+01   1.1554798e+00
   1.2750000e+02   0.0000000e+00   1.3419684e+00
   1.2500000e+02   4.3301270e+00   1.5944361e+00
   1.2750000e+02   8.6602540e+00   1.7970988e+00
   1.2500000e+02   1.2990381e+01   2.0620469e+00
   1.2750000e+02   1.7320508e+01   2.2279129e+00
   1.2500000e+02   2.1650635e+01   2.5031518e+00
   1.2750000e+02   2.5980762e+01   2.6137206e+00
   1.2500000e+02   3.0310889e+01   2.8895859e+00
   1.2750000e+02   3.4641016e+01   2.9219306e+00
   1.2500000e+02   3.8971143e+01   3.1768831e+00
   1.2750000e+02   4.3301270e+01   3.1040841e+00
   1.2500000e+02   4.7631397e+01   3.2992511e+00
   1.2750000e+02   5.1961524e+01   3.1060603e+00
   1.2500000e+02   5.6291651e+01   3.2014368e+00
   1.2750000e+02   6.0621778e+01   2.9178088e+00
   1.2500000e+02   6.4951905e+01   2.9135770e+00
   1.2750000e+02   6.9282032e+01   2.5945777e+00
   1.2500000e+02   7.3612159e+01   2.5158871e+00
   1.2750000e+02   7.7942286e+01   2.2007256e+00
   1.2500000e+02   8.2272413e+01   2.0683668e+00
   1.2750000e+02   8.6602540e+01   1.7786585e+00
   1.2500000e+02   9.0932667e+01   1.6059972e+00
   1.2750000e+02   9.5262794e+01   1.3531533e+00
   1.2500000e+02   9.9592921e+01   1.1520930e+00
   1.3250000e+02   0.0000000e+00   1.2888500e+00
   1.3000000e+02   4.3301270e+00   1.5402081e+00
   1.3250000e+02   8.6602540e+00   1.7039646e+00
   1.3000000e+02   1.2990381e+01   1.9615974e+00
   1.3250000e+02   1.7320508e+01   2.0796390e+00
   1.3000000e+02   2.1650635e+01   2.3426694e+00
   1.3250000e+02   2.5980762e+01   2.3989277e+00
   1.3000000e+02   3.0310889e+01   2.6597421e+00
   1.3250000e+02   3.4641016e+01   2.6361938e+00
   1.3000000e+02   3.8971143e+01   2.8774068e+00
   1.3250000e+02   4.3301270e+01   2.7579077e+00
   1.3000000e+02   4.7631397e+01   2.9516217e+00
   1.3250000e+02   5.1961524e+01   2.7355323e+00
   1.3000000e+02   5.6291651e+01   2.8554254e+00
   1.3250000e+02   6.0621778e+01   2.5720523e+00
   1.3000000e+02   6.4951905e+01   2.6132369e+00
   1.3250000e+02   6.9282032e+01   2.3066317e+00
   1.3000000e+02   7.3612159e+01   2.2811481e+00
   1.3250000e+02   7.7942286e+01   1.9853149e+00
   1.3000000e+02   8.2272413e+01   1.9066258e+00
   1.3250000e+02   8.6602540e+01   1.6409195e+00
   1.3000000e+02   9.0932667e+01   1.5185087e+00
   1.3250000e+02   9.5262794e+01   1.2909970e+00
   1.3000000e+02   9.9592921e+01   1.1330090e+00
   1.3750000e+02   0.0000000e+00   1.2053416e+00
   1.3500000e+02   4.3301270e+00   1.4529938e+00
   1.3750000e+02   8.6602540e+00   1.5783906e+00
   1.3500000e+02   1.2990381e+01   1.8253177e+00
   1.3750000e+02   1.7320508e+01   1.8975309e+00
   1.3500000e+02   2.1650635e+01   2.1442515e+00
   1.3750000e+02   2.5980762e+01   2.1505103e+00
   1.3500000e+02   3.0310889e+01   2.3916882e+00
   1.3750000e+02   3.4641016e+01   2.3194496e+00
   1.3500000e+02   3.8971143e+01   2.5427739e+00
   1.3750000e+02   4.3301270e+01   2.3851362e+00
   1.3500000e+02   4.7631397e+01   2.5732561e+00
   1.3750000e+02   5.1961524e+01   2.3397420e+00
   1.3500000e+02   5.6291651e+01   2.4770270e+00
   1.3750000e+02   6.0621778e+01   2.1978572e+00
   1.3500000e+02   6.4951905e+01   2.2773848e+00
   1.3750000e+02   6.9282032e+01   1.9886342e+00
   1.3500000e+02   7.3612159e+01   2.0124895e+00
   1.3750000e+02   7.7942286e+01   1.7414171e+00
   1.3500000e+02   8.2272413e+01   1.7158314e+00
   1.3750000e+02   8.6602540e+01   1.4782568e+00
   1.3500000e+02   9.0932667e+01   1.4077918e+00
   1.3750000e+02   9.5262794e+01   1.2078820e+00
   1.3500000e+02   9.9592921e+01   1.0953550e+00
   1.4250000e+02   0.0000000e+00   1.0938148e+00
   1.4000000e+02   4.3301270e+00   1.3359455e+00
   1.4250000e+02   8.6602540e+00   1.4244174e+00
   1.4000000e+02   1.2990381e+01   1.6583234e+00
   1.4250000e+02   1.7320508e+01   1.6878623e+00
   1.4000000e+02   2.1650635e+01   1.9157436e+00
   1.4250000e+02   2.5980762e+01   1.8775421e+00
   1.4000000e+02   3.0310889e+01   2.0962858e+00
   1.4250000e+02   3.4641016e+01   1.9829021e+00
   1.4000000e+02   3.8971143e+01   2.1851725e+00
   1.4250000e+02   4.3301270e+01   1.9967220e+00
   1.4000000e+02   4.7631397e+01   2.1749149e+00
   1.4250000e+02   5.1961524e+01   1.9286272e+00
   1.4000000e+02   5.6291651e+01   2.0772203e+00
   1.4250000e+02   6.0621778e+01   1.8061110e+00
   1.4000000e+02   6.4951905e+01   1.9174073e+00
   1.4250000e+02   6.9282032e+01   1.6508737e+00
   1.4000000e+02   7.3612159e+01   1.7185869e+00
   1.4250000e+02   7.7942286e+01   1.4759073e+00
   1.4000000e+02   8.2272413e+01   1.5005263e+00
   1.4250000e+02   8.6602540e+01   1.2936480e+00
   1.4000000e+02   9.0932667e+01   1.2747783e+00
   1.4250000e+02   9.5262794e+01   1.1038531e+00
   1.4000000e+02   9.9592921e+01   1.0379151e+00
   1.4750000e+02   0.0000000e+00   9.5633573e-01
   1.4500000e+02   4.3301270e+00   1.1921130e+00
   1.4750000e+02   8.6602540e+00   1.2455136e+00
   1.4500000e+02   1.2990381e+01   1.4654295e+00
   1.4750000e+02   1.7320508e+01   1.4562009e+00
   1.4500000e+02   2.1650635e+01   1.6644598e+00
   1.4750000e+02   2.5980762e+01   1.5881908e+00
   1.4500000e+02   3.0310889e+01   1.7833724e+00
   1.4750000e+02   3.4641016e+01   1.6368044e+00
   1.4500000e+02   3.8971143e+01   1.8155565e+00
   1.4750000e+02   4.3301270e+01   1.6034251e+00
   1.4500000e+02   4.7631397e+01   1.7667116e+00
   1.4750000e+02   5.1961524e+01   1.5121520e+00
   1.4500000e+02   5.6291651e+01   1.6660535e+00
   1.4750000e+02   6.0621778e+01   1.4077619e+00
   1.4500000e+02   6.4951905e+01   1.5443054e+00
   1.4750000e+02   6.9282032e+01   1.3042347e+00
   1.4500000e+02   7.3612159e+01   1.4084842e+00
   1.4750000e+02   7.7942286e+01   1.1962396e+00
   1.4500000e+02   8.2272413e+01   1.2658568e+00
   1.4750000e+02   8.6602540e+01   1.0906657e+00
   1.4500000e+02   9.0932667e+01   1.1210943e+00
   1.4750000e+02   9.5262794e+01   9.7915094e-01
   1.4500000e+02   9.9592921e+01   9.5996797e-01
   1.5250000e+02   0.0000000e+00   7.9400951e-01
   1.5000000e+02   4.3301270e+00   1.0237646e+00
   1.5250000e+02   8.6602540e+00   1.0438131e+00
   1.5000000e+02   1.2990381e+01   1.2504743e+00
   1.5250000e+02   1.7320508e+01   1.2069571e+00
   1.5000000e+02   2.1650635e+01   1.3967275e+00
   1.5250000e+02   2.5980762e+01   1.2894898e+00
   1.5000000e+02   3.0310889e+01   1.4617964e+00
   1.5250000e+02   3.4641016e+01   1.2907172e+00
   1.5000000e+02   3.8971143e+01   1.4446549e+00
   1.5250000e+02   4.3301270e+01   1.2170263e+00
   1.5000000e+02   4.7631397e+01   1.3596540e+00
   1.5250000e+02   5.1961524e+01   1.1019287e+00
   1.5000000e+02   5.6291651e+01   1.2542300e+00
   1.5250000e+02   6.0621778e+01   1.0157375e+00
   1.5000000e+02   6.4951905e+01   1.1702728e+00
   1.5250000e+02   6.9282032e+01   9.6123252e-01
   1.5000000e+02   7.3612159e+01   1.0921702e+00
   1.5250000e+02   7.7942286e+01   9.1072678e-01
   1.5000000e+02   8.2272413e+01   1.0175838e+00
   1.5250000e+02   8.6602540e+01   8.7362023e-01
   1.5000000e+02   9.0932667e+01   9.4869563e-01
   1.5250000e+02   9.5262794e+01   8.3348788e-01
   1.5000000e+02   9.9592921e+01   8.6004820e-01
