   1.8750000e+00   0.0000000e+00   5.2641125e-01
   0.0000000e+00   3.2475953e+00   5.5362502e-01
   1.8750000e+00   6.4951905e+00   6.2265834e-01
   0.0000000e+00   9.7427858e+00   6.2139880e-01
   1.8750000e+00   1.2990381e+01   6.7325298e-01
   0.0000000e+00   1.6237976e+01   6.5236584e-01
   1.8750000e+00   1.9485572e+01   6.9231935e-01
   0.0000000e+00   2.2733167e+01   6.5596001e-01
   1.8750000e+00   2.5980762e+01   6.8732887e-01
   0.0000000e+00   2.9228357e+01   6.3862991e-01
   1.8750000e+00   3.2475953e+01   6.6409557e-01
   0.0000000e+00   3.5723548e+01   6.0613606e-01
   1.8750000e+00   3.8971143e+01   6.2845248e-01
   0.0000000e+00   4.2218738e+01   5.6491639e-01
   1.8750000e+00   4.5466334e+01   5.8772006e-01
   0.0000000e+00   4.8713929e+01   5.2383770e-01
   1.8750000e+00   5.1961524e+01   5.5360748e-01
   0.0000000e+00   5.5209119e+01   4.9998720e-01
   1.8750000e+00   5.8456715e+01   5.5298857e-01
   0.0000000e+00   6.1704310e+01   5.2154513e-01
   1.8750000e+00   6.4951905e+01   5.8403400e-01
   0.0000000e+00   6.8199501e+01   5.5874223e-01
   1.8750000e+00   7.1447096e+01   6.2111622e-01
   0.0000000e+00   7.4694691e+01   5.9596020e-01
   1.8750000e+00   7.7942286e+01   6.5330105e-01
   0.0000000e+00   8.1189882e+01   6.2489985e-01
   1.8750000e+00   8.4437477e+01   6.7377483e-01
   0.0000000e+00   8.7685072e+01   6.3961543e-01
   1.8750000e+00   9.0932667e+01   6.7720920e-01
   0.0000000e+00   9.4180263e+01   6.3491077e-01
   1.8750000e+00   9.7427858e+01   6.5842952e-01
   5.6250000e+00   0.0000000e+00   5.6580681e-01
   3.7500000e+00   3.2475953e+00   6.0537878e-01
   5.6250000e+00   6.4951905e+00   6.7077623e-01
   3.7500000e+00   9.7427858e+00   6.8033875e-01
   5.6250000e+00   1.2990381e+01   7.3013919e-01
   3.7500000e+00   1.6237976e+01   7.1775849e-01
   5.6250000e+00   1.9485572e+01   7.5724299e-01
   3.7500000e+00   2.2733167e+01   7.2751650e-01
   5.6250000e+00   2.5980762e+01   7.5982941e-01
   3.7500000e+00   2.9228357e+01   7.1600790e-01
   5.6250000e+00   3.2475953e+01   7.4371680e-01
   3.7500000e+00   3.5723548e+01   6.8885082e-01
   5.6250000e+00   3.8971143e+01   7.1474011e-01
   3.7500000e+00   4.2218738e+01   6.5242415e-01
   5.6250000e+00   4.5466334e+01   6.8046169e-01
   3.7500000e+00   4.8713929e+01   6.1588956e-01
   5.6250000e+00   5.1961524e+01   6.5325265e-01
   3.7500000e+00   5.5209119e+01   5.9686176e-01
   5.6250000e+00   5.8456715e+01   6.5265646e-01
   3.7500000e+00   6.1704310e+01   6.1413106e-01
   5.6250000e+00   6.4951905e+01   6.7772039e-01
   3.7500000e+00   6.8199501e+01   6.4762032e-01
   5.6250000e+00   7.1447096e+01   7.0928023e-01
   3.7500000e+00   7.4694691e+01   6.8086312e-01
   5.6250000e+00   7.7942286e+01   7.3574417e-01
   3.7500000e+00   8.1189882e+01   7.0530255e-01
   5.6250000e+00   8.4437477e+01   7.5008162e-01
   3.7500000e+00   8.7685072e+01   7.1505103e-01
   5.6250000e+00   9.0932667e+01   7.4696434e-01
   3.7500000e+00   9.4180263e+01   7.0504133e-01
   5.6250000e+00   9.7427858e+01   7.2121502e-01
   9.3750000e+00   0.0000000e+00   5.9270466e-01
   7.5000000e+00   3.2475953e+00   6.4181662e-01
   9.3750000e+00   6.4951905e+00   7.0674888e-01
   7.5000000e+00   9.7427858e+00   7.2718233e-01
   9.3750000e+00   1.2990381e+01   7.7749384e-01
   7.5000000e+00   1.6237976e+01   7.7455207e-01
   9.3750000e+00   1.9485572e+01   8.1559430e-01
   7.5000000e+00   2.2733167e+01   7.9363923e-01
   9.3750000e+00   2.5980762e+01   8.2863509e-01
   7.5000000e+00   2.9228357e+01   7.9095042e-01
   9.3750000e+00   3.2475953e+01   8.2245488e-01
   7.5000000e+00   3.5723548e+01   7.7213962e-01
   9.3750000e+00   3.8971143e+01   8.0294264e-01
   7.5000000e+00   4.2218738e+01   7.4372484e-01
   9.3750000e+00   4.5466334e+01   7.7776808e-01
   7.5000000e+00   4.8713929e+01   7.1518365e-01
   9.3750000e+00   5.1961524e+01   7.5839491e-01
   7.5000000e+00   5.5209119e+01   7.0162303e-01
   9.3750000e+00   5.8456715e+01   7.5795795e-01
   7.5000000e+00   6.1704310e+01   7.1389681e-01
   9.3750000e+00   6.4951905e+01   7.7601600e-01
   7.5000000e+00   6.8199501e+01   7.4037911e-01
   9.3750000e+00   7.1447096e+01   7.9953351e-01
   7.5000000e+00   7.4694691e+01   7.6663879e-01
   9.3750000e+00   7.7942286e+01   8.1767470e-01
   7.5000000e+00   8.1189882e+01   7.8381233e-01
   9.3750000e+00   8.4437477e+01   8.2330834e-01
   7.5000000e+00   8.7685072e+01   7.8588743e-01
   9.3750000e+00   9.0932667e+01   8.1105890e-01
   7.5000000e+00   9.4180263e+01   7.6776597e-01
   9.3750000e+00   9.7427858e+01   7.7573362e-01
   1.3125000e+01   0.0000000e+00   6.1030487e-01
   1.1250000e+01   3.2475953e+00   6.6763063e-01
   1.3125000e+01   6.4951905e+00   7.3369271e-01
   1.1250000e+01   9.7427858e+00   7.6428503e-01
   1.3125000e+01   1.2990381e+01   8.1709875e-01
   1.1250000e+01   1.6237976e+01   8.2393857e-01
   1.3125000e+01   1.9485572e+01   8.6835782e-01
   1.1250000e+01   2.2733167e+01   8.5498739e-01
   1.3125000e+01   2.5980762e+01   8.9423376e-01
   1.1250000e+01   2.9228357e+01   8.6374374e-01
   1.3125000e+01   3.2475953e+01   9.0032254e-01
   1.1250000e+01   3.5723548e+01   8.5581680e-01
   1.3125000e+01   3.8971143e+01   8.9235829e-01
   1.1250000e+01   4.2218738e+01   8.3769520e-01
   1.3125000e+01   4.5466334e+01   8.7761888e-01
   1.1250000e+01   4.8713929e+01   8.1836113e-01
   1.3125000e+01   5.1961524e+01   8.6572729e-01
   1.1250000e+01   5.5209119e+01   8.0948348e-01
   1.3125000e+01   5.8456715e+01   8.6555681e-01
   1.1250000e+01   6.1704310e+01   8.1764495e-01
   1.3125000e+01   6.4951905e+01   8.7694367e-01
   1.1250000e+01   6.8199501e+01   8.3590880e-01
   1.3125000e+01   7.1447096e+01   8.9112808e-01
   1.1250000e+01   7.4694691e+01   8.5303180e-01
   1.3125000e+01   7.7942286e+01   8.9899221e-01
   1.1250000e+01   8.1189882e+01   8.6059357e-01
   1.3125000e+01   8.4437477e+01   8.9377355e-01
   1.1250000e+01   8.7685072e+01   8.5261219e-01
   1.3125000e+01   9.0932667e+01   8.7024047e-01
   1.1250000e+01   9.4180263e+01   8.2403068e-01
   1.3125000e+01   9.7427858e+01   8.2341527e-01
   1.6875000e+01   0.0000000e+00   6.2060694e-01
   1.5000000e+01   3.2475953e+00   6.8549610e-01
   1.6875000e+01   6.4951905e+00   7.5380632e-01
   1.5000000e+01   9.7427858e+00   7.9389332e-01
   1.6875000e+01   1.2990381e+01   8.5064398e-01
   1.5000000e+01   1.6237976e+01   8.6728980e-01
   1.6875000e+01   1.9485572e+01   9.1658017e-01
   1.5000000e+01   2.2733167e+01   9.1231563e-01
   1.6875000e+01   2.5980762e+01   9.5713787e-01
   1.5000000e+01   2.9228357e+01   9.3464009e-01
   1.6875000e+01   3.2475953e+01   9.7730000e-01
   1.5000000e+01   3.5723548e+01   9.3954217e-01
   1.6875000e+01   3.8971143e+01   9.8229810e-01
   1.5000000e+01   4.2218738e+01   9.3310496e-01
   1.6875000e+01   4.5466334e+01   9.7854919e-01
   1.5000000e+01   4.8713929e+01   9.2316886e-01
   1.6875000e+01   5.1961524e+01   9.7368351e-01
   1.5000000e+01   5.5209119e+01   9.1841685e-01
   1.6875000e+01   5.8456715e+01   9.7382966e-01
   1.5000000e+01   6.1704310e+01   9.2311404e-01
   1.6875000e+01   6.4951905e+01   9.7899923e-01
   1.5000000e+01   6.8199501e+01   9.3295063e-01
   1.6875000e+01   7.1447096e+01   9.8328991e-01
   1.5000000e+01   7.4694691e+01   9.3960352e-01
   1.6875000e+01   7.7942286e+01   9.7952866e-01
   1.5000000e+01   8.1189882e+01   9.3573805e-01
   1.6875000e+01   8.4437477e+01   9.6177909e-01
   1.5000000e+01   8.7685072e+01   9.1575564e-01
   1.6875000e+01   9.0932667e+01   9.2527224e-01
   1.5000000e+01   9.4180263e+01   8.7489469e-01
   1.6875000e+01   9.7427858e+01   8.6556559e-01
   2.0625000e+01   0.0000000e+00   6.2503350e-01
   1.8750000e+01   3.2475953e+00   6.9715954e-01
   2.0625000e+01   6.4951905e+00   7.6863455e-01
   1.8750000e+01   9.7427858e+00   8.1776720e-01
   2.0625000e+01   1.2990381e+01   8.7952891e-01
   1.8750000e+01   1.6237976e+01   9.0589784e-01
   2.0625000e+01   1.9485572e+01   9.6124568e-01
   1.8750000e+01   2.2733167e+01   9.6639336e-01
   2.0625000e+01   2.5980762e+01   1.0178752e+00
   1.8750000e+01   2.9228357e+01   1.0039097e+00
   2.0625000e+01   3.2475953e+01   1.0534410e+00
   1.8750000e+01   3.5723548e+01   1.0230376e+00
   2.0625000e+01   3.8971143e+01   1.0723166e+00
   1.8750000e+01   4.2218738e+01   1.0290677e+00
   2.0625000e+01   4.5466334e+01   1.0797517e+00
   1.8750000e+01   4.8713929e+01   1.0284100e+00
   2.0625000e+01   5.1961524e+01   1.0815483e+00
   1.8750000e+01   5.5209119e+01   1.0274282e+00
   2.0625000e+01   5.8456715e+01   1.0820118e+00
   1.8750000e+01   6.1704310e+01   1.0290428e+00
   2.0625000e+01   6.4951905e+01   1.0812876e+00
   1.8750000e+01   6.8199501e+01   1.0305360e+00
   2.0625000e+01   7.1447096e+01   1.0754453e+00
   1.8750000e+01   7.4694691e+01   1.0259396e+00
   2.0625000e+01   7.7942286e+01   1.0591530e+00
   1.8750000e+01   8.1189882e+01   1.0093189e+00
   2.0625000e+01   8.4437477e+01   1.0276087e+00
   1.8750000e+01   8.7685072e+01   9.7582595e-01
   2.0625000e+01   9.0932667e+01   9.7683161e-01
   1.8750000e+01   9.4180263e+01   9.2131211e-01
   2.0625000e+01   9.7427858e+01   9.0321018e-01
   2.4375000e+01   0.0000000e+00   6.2465927e-01
   2.2500000e+01   3.2475953e+00   7.0387566e-01
   2.4375000e+01   6.4951905e+00   7.7931017e-01
   2.2500000e+01   9.7427858e+00   8.3723037e-01
   2.4375000e+01   1.2990381e+01   9.0486364e-01
   2.2500000e+01   1.6237976e+01   9.4087123e-01
   2.4375000e+01   1.9485572e+01   1.0032295e+00
   2.2500000e+01   2.2733167e+01   1.0179579e+00
   2.4375000e+01   2.5980762e+01   1.0769878e+00
   2.2500000e+01   2.9228357e+01   1.0718791e+00
   2.4375000e+01   3.2475953e+01   1.1289287e+00
   2.2500000e+01   3.5723548e+01   1.1062066e+00
   2.4375000e+01   3.8971143e+01   1.1622736e+00
   2.2500000e+01   4.2218738e+01   1.1251340e+00
   2.4375000e+01   4.5466334e+01   1.1809382e+00
   2.2500000e+01   4.8713929e+01   1.1335760e+00
   2.4375000e+01   5.1961524e+01   1.1891220e+00
   2.2500000e+01   5.5209119e+01   1.1361173e+00
   2.4375000e+01   5.8456715e+01   1.1898558e+00
   2.2500000e+01   6.1704310e+01   1.1348417e+00
   2.4375000e+01   6.4951905e+01   1.1834058e+00
   2.2500000e+01   6.8199501e+01   1.1280916e+00
   2.4375000e+01   7.1447096e+01   1.1672880e+00
   2.2500000e+01   7.4694691e+01   1.1117688e+00
   2.4375000e+01   7.7942286e+01   1.1378288e+00
   2.2500000e+01   8.1189882e+01   1.0814322e+00
   2.4375000e+01   8.4437477e+01   1.0915334e+00
   2.2500000e+01   8.7685072e+01   1.0332747e+00
   2.4375000e+01   9.0932667e+01   1.0254761e+00
   2.2500000e+01   9.4180263e+01   9.6405163e-01
   2.4375000e+01   9.7427858e+01   9.3710687e-01
   2.8125000e+01   0.0000000e+00   6.2032776e-01
   2.6250000e+01   3.2475953e+00   7.0659588e-01
   2.8125000e+01   6.4951905e+00   7.8669921e-01
   2.6250000e+01   9.7427858e+00   8.5329024e-01
   2.8125000e+01   1.2990381e+01   9.2753155e-01
   2.6250000e+01   1.6237976e+01   9.7313250e-01
   2.8125000e+01   1.9485572e+01   1.0433015e+00
   2.6250000e+01   2.2733167e+01   1.0677020e+00
   2.8125000e+01   2.5980762e+01   1.1350376e+00
   2.6250000e+01   2.9228357e+01   1.1389510e+00
   2.8125000e+01   3.2475953e+01   1.2040905e+00
   2.6250000e+01   3.5723548e+01   1.1891674e+00
   2.8125000e+01   3.8971143e+01   1.2523109e+00
   2.6250000e+01   4.2218738e+01   1.2212388e+00
   2.8125000e+01   4.5466334e+01   1.2822010e+00
   2.6250000e+01   4.8713929e+01   1.2386142e+00
   2.8125000e+01   5.1961524e+01   1.2965546e+00
   2.6250000e+01   5.5209119e+01   1.2444805e+00
   2.8125000e+01   5.8456715e+01   1.2974613e+00
   2.6250000e+01   6.1704310e+01   1.2403675e+00
   2.8125000e+01   6.4951905e+01   1.2853118e+00
   2.6250000e+01   6.8199501e+01   1.2253976e+00
   2.8125000e+01   7.1447096e+01   1.2587609e+00
   2.6250000e+01   7.4694691e+01   1.1969993e+00
   2.8125000e+01   7.7942286e+01   1.2156307e+00
   2.6250000e+01   8.1189882e+01   1.1522199e+00
   2.8125000e+01   8.4437477e+01   1.1538198e+00
   2.6250000e+01   8.7685072e+01   1.0884912e+00
   2.8125000e+01   9.0932667e+01   1.0716515e+00
   2.6250000e+01   9.4180263e+01   1.0037012e+00
   2.8125000e+01   9.7427858e+01   9.6780403e-01
   3.1875000e+01   0.0000000e+00   6.1272235e-01
   3.0000000e+01   3.2475953e+00   7.0607002e-01
   3.1875000e+01   6.4951905e+00   7.9149026e-01
   3.0000000e+01   9.7427858e+00   8.6673708e-01
   3.1875000e+01   1.2990381e+01   9.4825526e-01
   3.0000000e+01   1.6237976e+01   1.0034559e+00
   3.1875000e+01   1.9485572e+01   1.0821523e+00
   3.0000000e+01   2.2733167e+01   1.1162833e+00
   3.1875000e+01   2.5980762e+01   1.1926134e+00
   3.0000000e+01   2.9228357e+01   1.2056102e+00
   3.1875000e+01   3.2475953e+01   1.2793893e+00
   3.0000000e+01   3.5723548e+01   1.2722406e+00
   3.1875000e+01   3.8971143e+01   1.3428028e+00
   3.0000000e+01   4.2218738e+01   1.3176200e+00
   3.1875000e+01   4.5466334e+01   1.3839082e+00
   3.0000000e+01   4.8713929e+01   1.3437892e+00
   3.1875000e+01   5.1961524e+01   1.4042450e+00
   3.0000000e+01   5.5209119e+01   1.3527951e+00
   3.1875000e+01   5.8456715e+01   1.4051723e+00
   3.0000000e+01   6.1704310e+01   1.3457840e+00
   3.1875000e+01   6.4951905e+01   1.3872205e+00
   3.0000000e+01   6.8199501e+01   1.3225107e+00
   3.1875000e+01   7.1447096e+01   1.3500088e+00
   3.0000000e+01   7.4694691e+01   1.2817082e+00
   3.1875000e+01   7.7942286e+01   1.2927364e+00
   3.0000000e+01   8.1189882e+01   1.2218765e+00
   3.1875000e+01   8.4437477e+01   1.2147368e+00
   3.0000000e+01   8.7685072e+01   1.1418129e+00
   3.1875000e+01   9.0932667e+01   1.1157152e+00
   3.0000000e+01   9.4180263e+01   1.0407035e+00
   3.1875000e+01   9.7427858e+01   9.9569807e-01
   3.5625000e+01   0.0000000e+00   6.0241459e-01
   3.3750000e+01   3.2475953e+00   7.0291004e-01
   3.5625000e+01   6.4951905e+00   7.9425311e-01
   3.3750000e+01   9.7427858e+00   8.7821542e-01
   3.5625000e+01   1.2990381e+01   9.6765065e-01
   3.3750000e+01   1.6237976e+01   1.0325120e+00
   3.5625000e+01   1.9485572e+01   1.1204240e+00
   3.3750000e+01   2.2733167e+01   1.1643413e+00
   3.5625000e+01   2.5980762e+01   1.2503390e+00
   3.3750000e+01   2.9228357e+01   1.2724216e+00
   3.5625000e+01   3.2475953e+01   1.3554072e+00
   3.3750000e+01   3.5723548e+01   1.3559178e+00
   3.5625000e+01   3.8971143e+01   1.4343054e+00
   3.3750000e+01   4.2218738e+01   1.4147441e+00
   3.5625000e+01   4.5466334e+01   1.4866270e+00
   3.3750000e+01   4.8713929e+01   1.4495909e+00
   3.5625000e+01   5.1961524e+01   1.5127700e+00
   3.3750000e+01   5.5209119e+01   1.4615403e+00
   3.5625000e+01   5.8456715e+01   1.5135047e+00
   3.3750000e+01   6.1704310e+01   1.4514684e+00
   3.5625000e+01   6.4951905e+01   1.4895262e+00
   3.3750000e+01   6.8199501e+01   1.4196906e+00
   3.5625000e+01   7.1447096e+01   1.4413263e+00
   3.3750000e+01   7.4694691e+01   1.3661099e+00
   3.5625000e+01   7.7942286e+01   1.3694068e+00
   3.3750000e+01   8.1189882e+01   1.2906453e+00
   3.5625000e+01   8.4437477e+01   1.2745589e+00
   3.3750000e+01   8.7685072e+01   1.1935398e+00
   3.5625000e+01   9.0932667e+01   1.1579612e+00
   3.3750000e+01   9.4180263e+01   1.0753948e+00
   3.5625000e+01   9.7427858e+01   1.0210790e+00
   3.9375000e+01   0.0000000e+00   5.8989966e-01
   3.7500000e+01   3.2475953e+00   6.9763370e-01
   3.9375000e+01   6.4951905e+00   7.9547909e-01
   3.7500000e+01   9.7427858e+00   8.8827455e-01
   3.9375000e+01   1.2990381e+01   9.8626800e-01
   3.7500000e+01   1.6237976e+01   1.0609076e+00
   3.9375000e+01   1.9485572e+01   1.1587378e+00
   3.7500000e+01   2.2733167e+01   1.2125169e+00
   3.9375000e+01   2.5980762e+01   1.3088802e+00
   3.7500000e+01   2.9228357e+01   1.3400258e+00
   3.9375000e+01   3.2475953e+01   1.4328269e+00
   3.7500000e+01   3.5723548e+01   1.4408288e+00
   3.9375000e+01   3.8971143e+01   1.5275123e+00
   3.7500000e+01   4.2218738e+01   1.5132468e+00
   3.9375000e+01   4.5466334e+01   1.5910657e+00
   3.7500000e+01   4.8713929e+01   1.5566694e+00
   3.9375000e+01   5.1961524e+01   1.6228297e+00
   3.7500000e+01   5.5209119e+01   1.5713381e+00
   3.9375000e+01   5.8456715e+01   1.6230897e+00
   3.7500000e+01   6.1704310e+01   1.5579439e+00
   3.9375000e+01   6.4951905e+01   1.5927410e+00
   3.7500000e+01   6.8199501e+01   1.5173374e+00
   3.9375000e+01   7.1447096e+01   1.5331093e+00
   3.7500000e+01   7.4694691e+01   1.4505198e+00
   3.9375000e+01   7.7942286e+01   1.4459619e+00
   3.7500000e+01   8.1189882e+01   1.3588087e+00
   3.9375000e+01   8.4437477e+01   1.3335658e+00
   3.7500000e+01   8.7685072e+01   1.2439467e+00
   3.9375000e+01   9.0932667e+01   1.1986405e+00
   3.7500000e+01   9.4180263e+01   1.1080370e+00
   3.9375000e+01   9.7427858e+01   1.0441645e+00
   4.3125000e+01   0.0000000e+00   5.7562341e-01
   4.1250000e+01   3.2475953e+00   6.9069628e-01
   4.3125000e+01   6.4951905e+00   7.9560957e-01
   4.1250000e+01   9.7427858e+00   8.9740437e-01
   4.3125000e+01   1.2990381e+01   1.0046236e+00
   4.1250000e+01   1.6237976e+01   1.0892186e+00
   4.3125000e+01   1.9485572e+01   1.1977205e+00
   4.1250000e+01   2.2733167e+01   1.2614694e+00
   4.3125000e+01   2.5980762e+01   1.3689527e+00
   4.1250000e+01   2.9228357e+01   1.4091342e+00
   4.3125000e+01   3.2475953e+01   1.5124153e+00
   4.1250000e+01   3.5723548e+01   1.5277119e+00
   4.3125000e+01   3.8971143e+01   1.6232170e+00
   4.1250000e+01   4.2218738e+01   1.6138841e+00
   4.3125000e+01   4.5466334e+01   1.6980264e+00
   4.1250000e+01   4.8713929e+01   1.6657828e+00
   4.3125000e+01   5.1961524e+01   1.7352008e+00
   4.1250000e+01   5.5209119e+01   1.6829036e+00
   4.3125000e+01   5.8456715e+01   1.7346264e+00
   4.1250000e+01   6.1704310e+01   1.6658250e+00
   4.3125000e+01   6.4951905e+01   1.6974441e+00
   4.1250000e+01   6.8199501e+01   1.6159395e+00
   4.3125000e+01   7.1447096e+01   1.6258123e+00
   4.1250000e+01   7.4694691e+01   1.5353188e+00
   4.3125000e+01   7.7942286e+01   1.5227561e+00
   4.1250000e+01   8.1189882e+01   1.4266746e+00
   4.3125000e+01   8.4437477e+01   1.3920392e+00
   4.1250000e+01   8.7685072e+01   1.2932911e+00
   4.3125000e+01   9.0932667e+01   1.2379752e+00
   4.1250000e+01   9.4180263e+01   1.1388428e+00
   4.3125000e+01   9.7427858e+01   1.0651249e+00
   4.6875000e+01   0.0000000e+00   5.6000318e-01
   4.5000000e+01   3.2475953e+00   6.8251375e-01
   4.6875000e+01   6.4951905e+00   7.9505501e-01
   4.5000000e+01   9.7427858e+00   9.0606133e-01
   4.6875000e+01   1.2990381e+01   1.0232268e+00
   4.5000000e+01   1.6237976e+01   1.1180188e+00
   4.6875000e+01   1.9485572e+01   1.2380303e+00
   4.5000000e+01   2.2733167e+01   1.3118959e+00
   4.6875000e+01   2.5980762e+01   1.4313306e+00
   4.5000000e+01   2.9228357e+01   1.4805257e+00
   4.6875000e+01   3.2475953e+01   1.5950093e+00
   4.5000000e+01   3.5723548e+01   1.6173876e+00
   4.6875000e+01   3.8971143e+01   1.7222792e+00
   4.5000000e+01   4.2218738e+01   1.7174910e+00
   4.6875000e+01   4.5466334e+01   1.8083616e+00
   4.5000000e+01   4.8713929e+01   1.7777520e+00
   4.6875000e+01   5.1961524e+01   1.8506930e+00
   4.5000000e+01   5.5209119e+01   1.7970002e+00
   4.6875000e+01   5.8456715e+01   1.8488370e+00
   4.5000000e+01   6.1704310e+01   1.7757705e+00
   4.6875000e+01   6.4951905e+01   1.8042359e+00
   4.5000000e+01   6.8199501e+01   1.7160277e+00
   4.6875000e+01   7.1447096e+01   1.7199086e+00
   4.5000000e+01   7.4694691e+01   1.6209189e+00
   4.6875000e+01   7.7942286e+01   1.6001532e+00
   4.5000000e+01   8.1189882e+01   1.4945617e+00
   4.6875000e+01   8.4437477e+01   1.4502561e+00
   4.5000000e+01   8.7685072e+01   1.3418182e+00
   4.6875000e+01   9.0932667e+01   1.2761697e+00
   4.5000000e+01   9.4180263e+01   1.1679934e+00
   4.6875000e+01   9.7427858e+01   1.0841035e+00
   5.0625000e+01   0.0000000e+00   5.4344071e-01
   4.8750000e+01   3.2475953e+00   6.7347758e-01
   5.0625000e+01   6.4951905e+00   7.9420394e-01
   4.8750000e+01   9.7427858e+00   9.1468827e-01
   5.0625000e+01   1.2990381e+01   1.0426103e+00
   4.8750000e+01   1.6237976e+01   1.1479109e+00
   5.0625000e+01   1.9485572e+01   1.2803899e+00
   4.8750000e+01   2.2733167e+01   1.3645515e+00
   5.0625000e+01   2.5980762e+01   1.4968579e+00
   4.8750000e+01   2.9228357e+01   1.5550439e+00
   5.0625000e+01   3.2475953e+01   1.6814994e+00
   4.8750000e+01   3.5723548e+01   1.7107331e+00
   5.0625000e+01   3.8971143e+01   1.8255903e+00
   4.8750000e+01   4.2218738e+01   1.8249427e+00
   5.0625000e+01   4.5466334e+01   1.9229331e+00
   4.8750000e+01   4.8713929e+01   1.8934184e+00
   5.0625000e+01   5.1961524e+01   1.9701055e+00
   4.8750000e+01   5.5209119e+01   1.9143963e+00
   5.0625000e+01   5.8456715e+01   1.9664224e+00
   4.8750000e+01   6.1704310e+01   1.8884386e+00
   5.0625000e+01   6.4951905e+01   1.9136947e+00
   4.8750000e+01   6.8199501e+01   1.8181324e+00
   5.0625000e+01   7.1447096e+01   1.8158517e+00
   4.8750000e+01   7.4694691e+01   1.7077309e+00
   5.0625000e+01   7.7942286e+01   1.6785009e+00
   4.8750000e+01   8.1189882e+01   1.5627831e+00
   5.0625000e+01   8.4437477e+01   1.5084806e+00
   4.8750000e+01   8.7685072e+01   1.3897619e+00
   5.0625000e+01   9.0932667e+01   1.3134187e+00
   4.8750000e+01   9.4180263e+01   1.1956546e+00
   5.0625000e+01   9.7427858e+01   1.1012349e+00
   5.4375000e+01   0.0000000e+00   5.2631624e-01
   5.2500000e+01   3.2475953e+00   6.6395427e-01
   5.4375000e+01   6.4951905e+00   7.9341813e-01
   5.2500000e+01   9.7427858e+00   9.2373557e-01
   5.4375000e+01   1.2990381e+01   1.0633844e+00
   5.2500000e+01   1.6237976e+01   1.1795713e+00
   5.4375000e+01   1.9485572e+01   1.3256340e+00
   5.2500000e+01   2.2733167e+01   1.4202763e+00
   5.4375000e+01   2.5980762e+01   1.5664587e+00
   5.2500000e+01   2.9228357e+01   1.6335931e+00
   5.4375000e+01   3.2475953e+01   1.7728094e+00
   5.2500000e+01   3.5723548e+01   1.8086540e+00
   5.4375000e+01   3.8971143e+01   1.9340345e+00
   5.2500000e+01   4.2218738e+01   1.9371137e+00
   5.4375000e+01   4.5466334e+01   2.0425655e+00
   5.2500000e+01   4.8713929e+01   2.0135990e+00
   5.4375000e+01   5.1961524e+01   2.0941803e+00
   5.2500000e+01   5.5209119e+01   2.0358206e+00
   5.4375000e+01   5.8456715e+01   2.0880159e+00
   5.2500000e+01   6.1704310e+01   2.0044420e+00
   5.4375000e+01   6.4951905e+01   2.0263300e+00
   5.2500000e+01   6.8199501e+01   1.9227411e+00
   5.4375000e+01   7.1447096e+01   1.9140349e+00
   5.2500000e+01   7.4694691e+01   1.7961303e+00
   5.4375000e+01   7.7942286e+01   1.7581017e+00
   5.2500000e+01   8.1189882e+01   1.6316275e+00
   5.4375000e+01   8.4437477e+01   1.5669533e+00
   5.2500000e+01   8.7685072e+01   1.4373447e+00
   5.4375000e+01   9.0932667e+01   1.3499150e+00
   5.2500000e+01   9.4180263e+01   1.2219903e+00
   5.4375000e+01   9.7427858e+01   1.1166651e+00
   5.8125000e+01   0.0000000e+00   5.0890346e-01
   5.6250000e+01   3.2475953e+00   6.5423732e-01
   5.8125000e+01   6.4951905e+00   7.9304106e-01
   5.6250000e+01   9.7427858e+00   9.3371256e-01
   5.8125000e+01   1.2990381e+01   1.0863515e+00
   5.6250000e+01   1.6237976e+01   1.2138253e+00
   5.8125000e+01   1.9485572e+01   1.3747735e+00
   5.6250000e+01   2.2733167e+01   1.4800276e+00
   5.8125000e+01   2.5980762e+01   1.6411412e+00
   5.6250000e+01   2.9228357e+01   1.7171274e+00
   5.8125000e+01   3.2475953e+01   1.8698623e+00
   5.6250000e+01   3.5723548e+01   1.9120477e+00
   5.8125000e+01   3.8971143e+01   2.0484388e+00
   5.6250000e+01   4.2218738e+01   2.0548300e+00
   5.8125000e+01   4.5466334e+01   2.1679926e+00
   5.6250000e+01   4.8713929e+01   2.1390365e+00
   5.8125000e+01   5.1961524e+01   2.2235495e+00
   5.6250000e+01   5.5209119e+01   2.1619125e+00
   5.8125000e+01   5.8456715e+01   2.2141319e+00
   5.6250000e+01   6.1704310e+01   2.1242996e+00
   5.8125000e+01   6.4951905e+01   2.1425337e+00
   5.6250000e+01   6.8199501e+01   2.0302526e+00
   5.8125000e+01   7.1447096e+01   2.0147470e+00
   5.6250000e+01   7.4694691e+01   1.8864202e+00
   5.8125000e+01   7.7942286e+01   1.8391809e+00
   5.6250000e+01   8.1189882e+01   1.7013374e+00
   5.8125000e+01   8.4437477e+01   1.6258766e+00
   5.6250000e+01   8.7685072e+01   1.4847753e+00
   5.8125000e+01   9.0932667e+01   1.3858575e+00
   5.6250000e+01   9.4180263e+01   1.2471796e+00
   5.8125000e+01   9.7427858e+01   1.1305777e+00
   6.1875000e+01   0.0000000e+00   4.9064034e-01
   6.0000000e+01   3.2475953e+00   6.4436577e-01
   6.1875000e+01   6.4951905e+00   7.9369317e-01
   6.0000000e+01   9.7427858e+00   9.4536520e-01
   6.1875000e+01   1.2990381e+01   1.1127216e+00
   6.0000000e+01   1.6237976e+01   1.2517647e+00
   6.1875000e+01   1.9485572e+01   1.4290635e+00
   6.0000000e+01   2.2733167e+01   1.5449074e+00
   6.1875000e+01   2.5980762e+01   1.7219796e+00
   6.0000000e+01   2.9228357e+01   1.8066223e+00
   6.1875000e+01   3.2475953e+01   1.9735241e+00
   6.0000000e+01   3.5723548e+01   2.0217499e+00
   6.1875000e+01   3.8971143e+01   2.1695063e+00
   6.0000000e+01   4.2218738e+01   2.1788102e+00
   6.1875000e+01   4.5466334e+01   2.2997934e+00
   6.0000000e+01   4.8713929e+01   2.2703425e+00
   6.1875000e+01   5.1961524e+01   2.3586754e+00
   6.0000000e+01   5.5209119e+01   2.2931680e+00
   6.1875000e+01   5.8456715e+01   2.3451085e+00
   6.0000000e+01   6.1704310e+01   2.2483831e+00
   6.1875000e+01   6.4951905e+01   2.2625244e+00
   6.0000000e+01   6.8199501e+01   2.1409274e+00
   6.1875000e+01   7.1447096e+01   2.1181212e+00
   6.0000000e+01   7.4694691e+01   1.9787886e+00
   6.1875000e+01   7.7942286e+01   1.9218461e+00
   6.0000000e+01   8.1189882e+01   1.7720818e+00
   6.1875000e+01   8.4437477e+01   1.6853946e+00
   6.0000000e+01   8.7685072e+01   1.5322441e+00
   6.1875000e+01   9.0932667e+01   1.4214588e+00
   6.0000000e+01   9.4180263e+01   1.2714370e+00
   6.1875000e+01   9.7427858e+01   1.1432287e+00
   6.5625000e+01   0.0000000e+00   4.7319559e-01
   6.3750000e+01   3.2475953e+00   6.3481468e-01
   6.5625000e+01   6.4951905e+00   7.9718345e-01
   6.3750000e+01   9.7427858e+00   9.6009024e-01
   6.5625000e+01   1.2990381e+01   1.1443633e+00
   6.3750000e+01   1.6237976e+01   1.2948856e+00
   6.5625000e+01   1.9485572e+01   1.4900314e+00
   6.3750000e+01   2.2733167e+01   1.6161613e+00
   6.5625000e+01   2.5980762e+01   1.8100484e+00
   6.3750000e+01   2.9228357e+01   1.9030141e+00
   6.5625000e+01   3.2475953e+01   2.0845130e+00
   6.3750000e+01   3.5723548e+01   2.1384586e+00
   6.5625000e+01   3.8971143e+01   2.2977292e+00
   6.3750000e+01   4.2218738e+01   2.3095917e+00
   6.5625000e+01   4.5466334e+01   2.4383154e+00
   6.3750000e+01   4.8713929e+01   2.4079303e+00
   6.5625000e+01   5.1961524e+01   2.4997831e+00
   6.3750000e+01   5.5209119e+01   2.4298769e+00
   6.5625000e+01   5.8456715e+01   2.4810431e+00
   6.3750000e+01   6.1704310e+01   2.3768568e+00
   6.5625000e+01   6.4951905e+01   2.3862841e+00
   6.3750000e+01   6.8199501e+01   2.2548292e+00
   6.5625000e+01   7.1447096e+01   2.2240766e+00
   6.3750000e+01   7.4694691e+01   2.0732581e+00
   6.5625000e+01   7.7942286e+01   2.0060376e+00
   6.3750000e+01   8.1189882e+01   1.8439193e+00
   6.5625000e+01   8.4437477e+01   1.7455609e+00
   6.3750000e+01   8.7685072e+01   1.5799113e+00
   6.5625000e+01   9.0932667e+01   1.4569468e+00
   6.3750000e+01   9.4180263e+01   1.2950369e+00
   6.5625000e+01   9.7427858e+01   1.1549957e+00
   6.9375000e+01   0.0000000e+00   4.6071000e-01
   6.7500000e+01   3.2475953e+00   6.2855631e-01
   6.9375000e+01   6.4951905e+00   8.0680145e-01
   6.7500000e+01   9.7427858e+00   9.8033561e-01
   6.9375000e+01   1.2990381e+01   1.1839107e+00
   6.7500000e+01   1.6237976e+01   1.3451580e+00
   6.9375000e+01   1.9485572e+01   1.5593956e+00
   6.7500000e+01   2.2733167e+01   1.6951076e+00
   6.9375000e+01   2.5980762e+01   1.9062844e+00
   6.7500000e+01   2.9228357e+01   2.0070901e+00
   6.9375000e+01   3.2475953e+01   2.2032660e+00
   6.7500000e+01   3.5723548e+01   2.2626269e+00
   6.9375000e+01   3.8971143e+01   2.4332769e+00
   6.7500000e+01   4.2218738e+01   2.4474394e+00
   6.9375000e+01   4.5466334e+01   2.5835847e+00
   6.7500000e+01   4.8713929e+01   2.5519385e+00
   6.9375000e+01   5.1961524e+01   2.6467831e+00
   6.7500000e+01   5.5209119e+01   2.5720540e+00
   6.9375000e+01   5.8456715e+01   2.6217203e+00
   6.7500000e+01   6.1704310e+01   2.5096104e+00
   6.9375000e+01   6.4951905e+01   2.5134874e+00
   6.7500000e+01   6.8199501e+01   2.3717596e+00
   6.9375000e+01   7.1447096e+01   2.3322489e+00
   6.7500000e+01   7.4694691e+01   2.1696256e+00
   6.9375000e+01   7.7942286e+01   2.0914672e+00
   6.7500000e+01   8.1189882e+01   1.9167501e+00
   6.9375000e+01   8.4437477e+01   1.8062910e+00
   6.7500000e+01   8.7685072e+01   1.6278824e+00
   6.9375000e+01   9.0932667e+01   1.4925496e+00
   6.7500000e+01   9.4180263e+01   1.3183359e+00
   6.9375000e+01   9.7427858e+01   1.1664338e+00
   7.3125000e+01   0.0000000e+00   4.5734223e-01
   7.1250000e+01   3.2475953e+00   6.2958058e-01
   7.3125000e+01   6.4951905e+00   8.2709844e-01
   7.1250000e+01   9.7427858e+00   1.0096474e+00
   7.3125000e+01   1.2990381e+01   1.2346231e+00
   7.1250000e+01   1.6237976e+01   1.4049218e+00
   7.3125000e+01   1.9485572e+01   1.6388083e+00
   7.1250000e+01   2.2733167e+01   1.7829541e+00
   7.3125000e+01   2.5980762e+01   2.0112571e+00
   7.1250000e+01   2.9228357e+01   2.1193169e+00
   7.3125000e+01   3.2475953e+01   2.3297618e+00
   7.1250000e+01   3.5723548e+01   2.3943241e+00
   7.3125000e+01   3.8971143e+01   2.5758628e+00
   7.1250000e+01   4.2218738e+01   2.5922379e+00
   7.3125000e+01   4.5466334e+01   2.7352051e+00
   7.1250000e+01   4.8713929e+01   2.7021439e+00
   7.3125000e+01   5.1961524e+01   2.7991882e+00
   7.1250000e+01   5.5209119e+01   2.7193617e+00
   7.3125000e+01   5.8456715e+01   2.7665316e+00
   7.1250000e+01   6.1704310e+01   2.6461824e+00
   7.3125000e+01   6.4951905e+01   2.6434204e+00
   7.1250000e+01   6.8199501e+01   2.4911828e+00
   7.3125000e+01   7.1447096e+01   2.4419133e+00
   7.1250000e+01   7.4694691e+01   2.2673910e+00
   7.3125000e+01   7.7942286e+01   2.1775449e+00
   7.1250000e+01   8.1189882e+01   1.9902520e+00
   7.3125000e+01   8.4437477e+01   1.8672923e+00
   7.1250000e+01   8.7685072e+01   1.6761579e+00
   7.3125000e+01   9.0932667e+01   1.5284386e+00
   7.1250000e+01   9.4180263e+01   1.3417734e+00
   7.3125000e+01   9.7427858e+01   1.1783095e+00
   7.6875000e+01   0.0000000e+00   4.6924946e-01
   7.5000000e+01   3.2475953e+00   6.4318578e-01
   7.6875000e+01   6.4951905e+00   8.6447698e-01
   7.5000000e+01   9.7427858e+00   1.0525851e+00
   7.6875000e+01   1.2990381e+01   1.2998610e+00
   7.5000000e+01   1.6237976e+01   1.4765133e+00
   7.6875000e+01   1.9485572e+01   1.7293795e+00
   7.5000000e+01   2.2733167e+01   1.8804763e+00
   7.6875000e+01   2.5980762e+01   2.1248574e+00
   7.5000000e+01   2.9228357e+01   2.2396089e+00
   7.6875000e+01   3.2475953e+01   2.4633108e+00
   7.5000000e+01   3.5723548e+01   2.5330692e+00
   7.6875000e+01   3.8971143e+01   2.7245956e+00
   7.5000000e+01   4.2218738e+01   2.7433692e+00
   7.6875000e+01   4.5466334e+01   2.8922480e+00
   7.5000000e+01   4.8713929e+01   2.8578682e+00
   7.6875000e+01   5.1961524e+01   2.9560223e+00
   7.5000000e+01   5.5209119e+01   2.8710249e+00
   7.6875000e+01   5.8456715e+01   2.9143866e+00
   7.5000000e+01   6.1704310e+01   2.7856753e+00
   7.6875000e+01   6.4951905e+01   2.7748909e+00
   7.5000000e+01   6.8199501e+01   2.6121420e+00
   7.6875000e+01   7.1447096e+01   2.5519000e+00
   7.5000000e+01   7.4694691e+01   2.3656797e+00
   7.6875000e+01   7.7942286e+01   2.2633003e+00
   7.5000000e+01   8.1189882e+01   2.0638028e+00
   7.6875000e+01   8.4437477e+01   1.9279750e+00
   7.5000000e+01   8.7685072e+01   1.7245482e+00
   7.6875000e+01   9.0932667e+01   1.5646075e+00
   7.5000000e+01   9.4180263e+01   1.3658010e+00
   7.6875000e+01   9.7427858e+01   1.1915068e+00
   8.0625000e+01   0.0000000e+00   5.1065921e-01
   7.8750000e+01   3.2475953e+00   6.7858401e-01
   8.0625000e+01   6.4951905e+00   9.2667313e-01
   7.8750000e+01   9.7427858e+00   1.1140978e+00
   8.0625000e+01   1.2990381e+01   1.3818003e+00
   7.8750000e+01   1.6237976e+01   1.5615171e+00
   8.0625000e+01   1.9485572e+01   1.8310271e+00
   7.8750000e+01   2.2733167e+01   1.9875805e+00
   8.0625000e+01   2.5980762e+01   2.2459588e+00
   7.8750000e+01   2.9228357e+01   2.3670636e+00
   8.0625000e+01   3.2475953e+01   2.6023397e+00
   7.8750000e+01   3.5723548e+01   2.6776488e+00
   8.0625000e+01   3.8971143e+01   2.8778223e+00
   7.8750000e+01   4.2218738e+01   2.8995819e+00
   8.0625000e+01   4.5466334e+01   3.0531380e+00
   7.8750000e+01   4.8713929e+01   3.0178768e+00
   8.0625000e+01   5.1961524e+01   3.1157237e+00
   7.8750000e+01   5.5209119e+01   3.0257391e+00
   8.0625000e+01   5.8456715e+01   3.0636119e+00
   7.8750000e+01   6.1704310e+01   2.9266597e+00
   8.0625000e+01   6.4951905e+01   2.9061275e+00
   7.8750000e+01   6.8199501e+01   2.7331671e+00
   8.0625000e+01   7.1447096e+01   2.6605073e+00
   7.8750000e+01   7.4694691e+01   2.4631607e+00
   8.0625000e+01   7.7942286e+01   2.3473090e+00
   7.8750000e+01   8.1189882e+01   2.1363998e+00
   8.0625000e+01   8.4437477e+01   1.9873622e+00
   7.8750000e+01   8.7685072e+01   1.7725561e+00
   8.0625000e+01   9.0932667e+01   1.6006914e+00
   7.8750000e+01   9.4180263e+01   1.3906797e+00
   8.0625000e+01   9.7427858e+01   1.2066326e+00
   8.4375000e+01   0.0000000e+00   5.9684956e-01
   8.2500000e+01   3.2475953e+00   7.4912284e-01
   8.4375000e+01   6.4951905e+00   1.0157379e+00
   8.2500000e+01   9.7427858e+00   1.1968913e+00
   8.4375000e+01   1.2990381e+01   1.4796031e+00
   8.2500000e+01   1.6237976e+01   1.6597246e+00
   8.4375000e+01   1.9485572e+01   1.9418894e+00
   8.2500000e+01   2.2733167e+01   2.1028607e+00
   8.4375000e+01   2.5980762e+01   2.3721472e+00
   8.2500000e+01   2.9228357e+01   2.4997136e+00
   8.4375000e+01   3.2475953e+01   2.7442048e+00
   8.2500000e+01   3.5723548e+01   2.8259396e+00
   8.4375000e+01   3.8971143e+01   3.0329749e+00
   8.2500000e+01   4.2218738e+01   3.0588559e+00
   8.4375000e+01   4.5466334e+01   3.2155314e+00
   8.2500000e+01   4.8713929e+01   3.1802746e+00
   8.4375000e+01   5.1961524e+01   3.2760388e+00
   8.2500000e+01   5.5209119e+01   3.1815665e+00
   8.4375000e+01   5.8456715e+01   3.2118342e+00
   8.2500000e+01   6.1704310e+01   3.0670638e+00
   8.4375000e+01   6.4951905e+01   3.0346655e+00
   8.2500000e+01   6.8199501e+01   2.8521772e+00
   8.4375000e+01   7.1447096e+01   2.7654184e+00
   8.2500000e+01   7.4694691e+01   2.5579734e+00
   8.4375000e+01   7.7942286e+01   2.4276401e+00
   8.2500000e+01   8.1189882e+01   2.2065948e+00
   8.4375000e+01   8.4437477e+01   2.0440359e+00
   8.2500000e+01   8.7685072e+01   1.8192650e+00
   8.4375000e+01   9.0932667e+01   1.6358117e+00
   8.2500000e+01   9.4180263e+01   1.4161608e+00
   8.4375000e+01   9.7427858e+01   1.2233945e+00
   8.8125000e+01   0.0000000e+00   7.0229679e-01
   8.6250000e+01   3.2475953e+00   8.4885625e-01
   8.8125000e+01   6.4951905e+00   1.1231534e+00
   8.6250000e+01   9.7427858e+00   1.2980267e+00
   8.8125000e+01   1.2990381e+01   1.5887474e+00
   8.6250000e+01   1.6237976e+01   1.7683860e+00
   8.8125000e+01   1.9485572e+01   2.0581601e+00
   8.6250000e+01   2.2733167e+01   2.2233347e+00
   8.8125000e+01   2.5980762e+01   2.4996232e+00
   8.6250000e+01   2.9228357e+01   2.6343606e+00
   8.8125000e+01   3.2475953e+01   2.8850659e+00
   8.6250000e+01   3.5723548e+01   2.9747500e+00
   8.8125000e+01   3.8971143e+01   3.1864168e+00
   8.6250000e+01   4.2218738e+01   3.2182613e+00
   8.8125000e+01   4.5466334e+01   3.3761832e+00
   8.6250000e+01   4.8713929e+01   3.3423909e+00
   8.8125000e+01   5.1961524e+01   3.4338990e+00
   8.6250000e+01   5.5209119e+01   3.3358156e+00
   8.8125000e+01   5.8456715e+01   3.3558331e+00
   8.6250000e+01   6.1704310e+01   3.2040419e+00
   8.8125000e+01   6.4951905e+01   3.1572175e+00
   8.6250000e+01   6.8199501e+01   2.9663779e+00
   8.8125000e+01   7.1447096e+01   2.8636322e+00
   8.6250000e+01   7.4694691e+01   2.6476736e+00
   8.8125000e+01   7.7942286e+01   2.5018438e+00
   8.6250000e+01   8.1189882e+01   2.2724720e+00
   8.8125000e+01   8.4437477e+01   2.0961553e+00
   8.6250000e+01   8.7685072e+01   1.8632998e+00
   8.8125000e+01   9.0932667e+01   1.6685834e+00
   8.6250000e+01   9.4180263e+01   1.4412736e+00
   8.8125000e+01   9.7427858e+01   1.2404166e+00
   9.1875000e+01   0.0000000e+00   8.1472612e-01
   9.0000000e+01   3.2475953e+00   9.6150281e-01
   9.1875000e+01   6.4951905e+00   1.2380304e+00
   9.0000000e+01   9.7427858e+00   1.4098974e+00
   9.1875000e+01   1.2990381e+01   1.7024259e+00
   9.0000000e+01   1.6237976e+01   1.8824354e+00
   9.1875000e+01   1.9485572e+01   2.1744859e+00
   9.0000000e+01   2.2733167e+01   2.3445063e+00
   9.1875000e+01   2.5980762e+01   2.6233237e+00
   9.0000000e+01   2.9228357e+01   2.7665357e+00
   9.1875000e+01   3.2475953e+01   3.0198402e+00
   9.0000000e+01   3.5723548e+01   3.1196907e+00
   9.1875000e+01   3.8971143e+01   3.3332787e+00
   9.0000000e+01   4.2218738e+01   3.3737983e+00
   9.1875000e+01   4.5466334e+01   3.5307782e+00
   9.0000000e+01   4.8713929e+01   3.5006451e+00
   9.1875000e+01   5.1961524e+01   3.5852604e+00
   9.0000000e+01   5.5209119e+01   3.4848847e+00
   9.1875000e+01   5.8456715e+01   3.4913411e+00
   9.0000000e+01   6.1704310e+01   3.3338099e+00
   9.1875000e+01   6.4951905e+01   3.2695260e+00
   9.0000000e+01   6.8199501e+01   3.0721624e+00
   9.1875000e+01   7.1447096e+01   2.9514241e+00
   9.0000000e+01   7.4694691e+01   2.7292149e+00
   9.1875000e+01   7.7942286e+01   2.5669937e+00
   9.0000000e+01   8.1189882e+01   2.3316867e+00
   9.1875000e+01   8.4437477e+01   2.1415629e+00
   9.0000000e+01   8.7685072e+01   1.9029145e+00
   9.1875000e+01   9.0932667e+01   1.6973337e+00
   9.0000000e+01   9.4180263e+01   1.4644877e+00
   9.1875000e+01   9.7427858e+01   1.2558592e+00
   9.5625000e+01   0.0000000e+00   9.2660552e-01
   9.3750000e+01   3.2475953e+00   1.0768305e+00
   9.5625000e+01   6.4951905e+00   1.3517990e+00
   9.3750000e+01   9.7427858e+00   1.5240480e+00
   9.5625000e+01   1.2990381e+01   1.8134282e+00
   9.3750000e+01   1.6237976e+01   1.9955221e+00
   9.5625000e+01   1.9485572e+01   2.2846923e+00
   9.3750000e+01   2.2733167e+01   2.4607395e+00
   9.5625000e+01   2.5980762e+01   2.7372350e+00
   9.3750000e+01   2.9228357e+01   2.8906054e+00
   9.5625000e+01   3.2475953e+01   3.1422464e+00
   9.3750000e+01   3.5723548e+01   3.2550708e+00
   9.5625000e+01   3.8971143e+01   3.4672563e+00
   9.3750000e+01   4.2218738e+01   3.5201851e+00
   9.5625000e+01   4.5466334e+01   3.6736763e+00
   9.3750000e+01   4.8713929e+01   3.6503636e+00
   9.5625000e+01   5.1961524e+01   3.7248650e+00
   9.3750000e+01   5.5209119e+01   3.6240381e+00
   9.5625000e+01   5.8456715e+01   3.6127487e+00
   9.3750000e+01   6.1704310e+01   3.4514315e+00
   9.5625000e+01   6.4951905e+01   3.3662152e+00
   9.3750000e+01   6.8199501e+01   3.1650330e+00
   9.5625000e+01   7.1447096e+01   3.0243686e+00
   9.3750000e+01   7.4694691e+01   2.7989851e+00
   9.5625000e+01   7.7942286e+01   2.6197952e+00
   9.3750000e+01   8.1189882e+01   2.3815721e+00
   9.5625000e+01   8.4437477e+01   2.1779548e+00
   9.3750000e+01   8.7685072e+01   1.9361905e+00
   9.5625000e+01   9.0932667e+01   1.7204296e+00
   9.3750000e+01   9.4180263e+01   1.4841799e+00
   9.5625000e+01   9.7427858e+01   1.2682216e+00
   9.9375000e+01   0.0000000e+00   1.0324111e+00
   9.7500000e+01   3.2475953e+00   1.1879206e+00
   9.9375000e+01   6.4951905e+00   1.4580015e+00
   9.7500000e+01   9.7427858e+00   1.6331294e+00
   9.9375000e+01   1.2990381e+01   1.9152050e+00
   9.7500000e+01   1.6237976e+01   2.1010855e+00
   9.9375000e+01   1.9485572e+01   2.3825084e+00
   9.7500000e+01   2.2733167e+01   2.5658029e+00
   9.9375000e+01   2.5980762e+01   2.8348476e+00
   9.7500000e+01   2.9228357e+01   3.0000232e+00
   9.9375000e+01   3.2475953e+01   3.2449860e+00
   9.7500000e+01   3.5723548e+01   3.3738335e+00
   9.9375000e+01   3.8971143e+01   3.5803580e+00
   9.7500000e+01   4.2218738e+01   3.6505243e+00
   9.9375000e+01   4.5466334e+01   3.7974546e+00
   9.7500000e+01   4.8713929e+01   3.7854885e+00
   9.9375000e+01   5.1961524e+01   3.8458272e+00
   9.7500000e+01   5.5209119e+01   3.7470364e+00
   9.9375000e+01   5.8456715e+01   3.7126496e+00
   9.7500000e+01   6.1704310e+01   3.5505501e+00
   9.9375000e+01   6.4951905e+01   3.4407044e+00
   9.7500000e+01   6.8199501e+01   3.2395909e+00
   9.9375000e+01   7.1447096e+01   3.0774814e+00
   9.7500000e+01   7.4694691e+01   2.8529267e+00
   9.9375000e+01   7.7942286e+01   2.6567695e+00
   9.7500000e+01   8.1189882e+01   2.4193014e+00
   9.9375000e+01   8.4437477e+01   2.2030716e+00
   9.7500000e+01   8.7685072e+01   1.9612692e+00
   9.9375000e+01   9.0932667e+01   1.7365562e+00
   9.7500000e+01   9.4180263e+01   1.4990980e+00
   9.9375000e+01   9.7427858e+01   1.2768274e+00
   1.0312500e+02   0.0000000e+00   1.1278861e+00
   1.0125000e+02   3.2475953e+00   1.2895971e+00
   1.0312500e+02   6.4951905e+00   1.5516837e+00
   1.0125000e+02   9.7427858e+00   1.7311845e+00
   1.0312500e+02   1.2990381e+01   2.0022433e+00
   1.0125000e+02   1.6237976e+01   2.1930686e+00
   1.0312500e+02   1.9485572e+01   2.4621480e+00
   1.0125000e+02   2.2733167e+01   2.6534552e+00
   1.0312500e+02   2.5980762e+01   2.9097253e+00
   1.0125000e+02   2.9228357e+01   3.0877551e+00
   1.0312500e+02   3.2475953e+01   3.3201829e+00
   1.0125000e+02   3.5723548e+01   3.4676189e+00
   1.0312500e+02   3.8971143e+01   3.6627153e+00
   1.0125000e+02   4.2218738e+01   3.7557477e+00
   1.0312500e+02   4.5466334e+01   3.8919561e+00
   1.0125000e+02   4.8713929e+01   3.8980302e+00
   1.0312500e+02   5.1961524e+01   3.9387813e+00
   1.0125000e+02   5.5209119e+01   3.8454524e+00
   1.0312500e+02   5.8456715e+01   3.7811888e+00
   1.0125000e+02   6.1704310e+01   3.6231244e+00
   1.0312500e+02   6.4951905e+01   3.4853730e+00
   1.0125000e+02   6.8199501e+01   3.2897020e+00
   1.0312500e+02   7.1447096e+01   3.1055650e+00
   1.0125000e+02   7.4694691e+01   2.8867792e+00
   1.0312500e+02   7.7942286e+01   2.6745188e+00
   1.0125000e+02   8.1189882e+01   2.4420883e+00
   1.0312500e+02   8.4437477e+01   2.2148650e+00
   1.0125000e+02   8.7685072e+01   1.9765369e+00
   1.0312500e+02   9.0932667e+01   1.7448416e+00
   1.0125000e+02   9.4180263e+01   1.5086269e+00
   1.0312500e+02   9.7427858e+01   1.2819984e+00
   1.0687500e+02   0.0000000e+00   1.2097467e+00
   1.0500000e+02   3.2475953e+00   1.3778808e+00
   1.0687500e+02   6.4951905e+00   1.6290723e+00
   1.0500000e+02   9.7427858e+00   1.8135307e+00
   1.0687500e+02   1.2990381e+01   2.0701768e+00
   1.0500000e+02   1.6237976e+01   2.2663186e+00
   1.0687500e+02   1.9485572e+01   2.5187539e+00
   1.0500000e+02   2.2733167e+01   2.7180178e+00
   1.0687500e+02   2.5980762e+01   2.9561777e+00
   1.0500000e+02   2.9228357e+01   3.1469409e+00
   1.0687500e+02   3.2475953e+01   3.3602823e+00
   1.0500000e+02   3.5723548e+01   3.5272415e+00
   1.0687500e+02   3.8971143e+01   3.7030492e+00
   1.0500000e+02   4.2218738e+01   3.8238258e+00
   1.0687500e+02   4.5466334e+01   3.9421422e+00
   1.0500000e+02   4.8713929e+01   3.9768164e+00
   1.0687500e+02   5.1961524e+01   3.9895917e+00
   1.0500000e+02   5.5209119e+01   3.9072797e+00
   1.0687500e+02   5.8456715e+01   3.8056532e+00
   1.0500000e+02   6.1704310e+01   3.6594911e+00
   1.0687500e+02   6.4951905e+01   3.4923641e+00
   1.0500000e+02   6.8199501e+01   3.3090129e+00
   1.0687500e+02   7.1447096e+01   3.1038235e+00
   1.0500000e+02   7.4694691e+01   2.8964716e+00
   1.0687500e+02   7.7942286e+01   2.6700558e+00
   1.0500000e+02   8.1189882e+01   2.4474043e+00
   1.0687500e+02   8.4437477e+01   2.2116123e+00
   1.0500000e+02   8.7685072e+01   1.9807027e+00
   1.0687500e+02   9.0932667e+01   1.7447768e+00
   1.0500000e+02   9.4180263e+01   1.5127857e+00
   1.0687500e+02   9.7427858e+01   1.2848751e+00
   1.1062500e+02   0.0000000e+00   1.2755408e+00
   1.0875000e+02   3.2475953e+00   1.4497689e+00
   1.1062500e+02   6.4951905e+00   1.6874216e+00
   1.0875000e+02   9.7427858e+00   1.8766475e+00
   1.1062500e+02   1.2990381e+01   2.1158221e+00
   1.0875000e+02   1.6237976e+01   2.3168229e+00
   1.1062500e+02   1.9485572e+01   2.5487293e+00
   1.0875000e+02   2.2733167e+01   2.7549094e+00
   1.1062500e+02   2.5980762e+01   2.9699604e+00
   1.0875000e+02   2.9228357e+01   3.1718103e+00
   1.1062500e+02   3.2475953e+01   3.3594695e+00
   1.0875000e+02   3.5723548e+01   3.5440976e+00
   1.1062500e+02   3.8971143e+01   3.6912393e+00
   1.0875000e+02   4.2218738e+01   3.8398671e+00
   1.1062500e+02   4.5466334e+01   3.9259588e+00
   1.0875000e+02   4.8713929e+01   4.0032805e+00
   1.1062500e+02   5.1961524e+01   3.9706803e+00
   1.0875000e+02   5.5209119e+01   3.9147304e+00
   1.1062500e+02   5.8456715e+01   3.7728430e+00
   1.0875000e+02   6.1704310e+01   3.6496859e+00
   1.1062500e+02   6.4951905e+01   3.4553868e+00
   1.0875000e+02   6.8199501e+01   3.2919650e+00
   1.1062500e+02   7.1447096e+01   3.0686835e+00
   1.0875000e+02   7.4694691e+01   2.8786393e+00
   1.1062500e+02   7.7942286e+01   2.6411479e+00
   1.0875000e+02   8.1189882e+01   2.4331865e+00
   1.1062500e+02   8.4437477e+01   2.1919713e+00
   1.0875000e+02   8.7685072e+01   1.9727556e+00
   1.1062500e+02   9.0932667e+01   1.7359428e+00
   1.0875000e+02   9.4180263e+01   1.5118869e+00
   1.1062500e+02   9.7427858e+01   1.2866274e+00
   1.1437500e+02   0.0000000e+00   1.3235631e+00
   1.1250000e+02   3.2475953e+00   1.5031261e+00
   1.1437500e+02   6.4951905e+00   1.7249265e+00
   1.1250000e+02   9.7427858e+00   1.9181073e+00
   1.1437500e+02   1.2990381e+01   2.1371778e+00
   1.1250000e+02   1.6237976e+01   2.3418443e+00
   1.1437500e+02   1.9485572e+01   2.5499382e+00
   1.1250000e+02   2.2733167e+01   2.7610775e+00
   1.1437500e+02   2.5980762e+01   2.9488171e+00
   1.1250000e+02   2.9228357e+01   3.1586680e+00
   1.1437500e+02   3.2475953e+01   3.3151188e+00
   1.1250000e+02   3.5723548e+01   3.5126479e+00
   1.1437500e+02   3.8971143e+01   3.6232225e+00
   1.1250000e+02   4.2218738e+01   3.7918610e+00
   1.1437500e+02   4.5466334e+01   3.8318761e+00
   1.1250000e+02   4.8713929e+01   3.9393720e+00
   1.1437500e+02   5.1961524e+01   3.8604800e+00
   1.1250000e+02   5.5209119e+01   3.8493622e+00
   1.1437500e+02   5.8456715e+01   3.6774337e+00
   1.1250000e+02   6.1704310e+01   3.5870322e+00
   1.1437500e+02   6.4951905e+01   3.3719528e+00
   1.1250000e+02   6.8199501e+01   3.2351287e+00
   1.1437500e+02   7.1447096e+01   2.9985297e+00
   1.1250000e+02   7.4694691e+01   2.8311442e+00
   1.1437500e+02   7.7942286e+01   2.5865814e+00
   1.1250000e+02   8.1189882e+01   2.3980042e+00
   1.1437500e+02   8.4437477e+01   2.1549980e+00
   1.1250000e+02   8.7685072e+01   1.9518469e+00
   1.1437500e+02   9.0932667e+01   1.7176983e+00
   1.1250000e+02   9.4180263e+01   1.5059065e+00
   1.1437500e+02   9.7427858e+01   1.2871895e+00
   1.1812500e+02   0.0000000e+00   1.3527830e+00
   1.1625000e+02   3.2475953e+00   1.5366096e+00
   1.1812500e+02   6.4951905e+00   1.7406430e+00
   1.1625000e+02   9.7427858e+00   1.9365094e+00
   1.1812500e+02   1.2990381e+01   2.1333692e+00
   1.1625000e+02   1.6237976e+01   2.3399579e+00
   1.1812500e+02   1.9485572e+01   2.5217342e+00
   1.1625000e+02   2.2733167e+01   2.7352234e+00
   1.1812500e+02   2.5980762e+01   2.8926459e+00
   1.1625000e+02   2.9228357e+01   3.1065194e+00
   1.1812500e+02   3.2475953e+01   3.2282998e+00
   1.1625000e+02   3.5723548e+01   3.4324973e+00
   1.1812500e+02   3.8971143e+01   3.5031669e+00
   1.1625000e+02   4.2218738e+01   3.6811981e+00
   1.1812500e+02   4.5466334e+01   3.6766751e+00
   1.1625000e+02   4.8713929e+01   3.7969643e+00
   1.1812500e+02   5.1961524e+01   3.6898534e+00
   1.1625000e+02   5.5209119e+01   3.7147241e+00
   1.1812500e+02   5.8456715e+01   3.5265529e+00
   1.1625000e+02   6.1704310e+01   3.4718521e+00
   1.1812500e+02   6.4951905e+01   3.2442128e+00
   1.1625000e+02   6.8199501e+01   3.1381461e+00
   1.1812500e+02   7.1447096e+01   2.8939615e+00
   1.1625000e+02   7.4694691e+01   2.7533956e+00
   1.1812500e+02   7.7942286e+01   2.5062598e+00
   1.1625000e+02   8.1189882e+01   2.3411546e+00
   1.1812500e+02   8.4437477e+01   2.1001576e+00
   1.1625000e+02   8.7685072e+01   1.9172008e+00
   1.1812500e+02   9.0932667e+01   1.6890689e+00
   1.1625000e+02   9.4180263e+01   1.4939745e+00
   1.1812500e+02   9.7427858e+01   1.2847352e+00
   1.2187500e+02   0.0000000e+00   1.3627689e+00
   1.2000000e+02   3.2475953e+00   1.5495919e+00
   1.2187500e+02   6.4951905e+00   1.7343925e+00
   1.2000000e+02   9.7427858e+00   1.9313903e+00
   1.2187500e+02   1.2990381e+01   2.1045286e+00
   1.2000000e+02   1.6237976e+01   2.3109749e+00
   1.2187500e+02   1.9485572e+01   2.4648110e+00
   1.2000000e+02   2.2733167e+01   2.6777466e+00
   1.2187500e+02   2.5980762e+01   2.8032230e+00
   1.2000000e+02   2.9228357e+01   3.0169734e+00
   1.2187500e+02   3.2475953e+01   3.1029481e+00
   1.2000000e+02   3.5723548e+01   3.3079723e+00
   1.2187500e+02   3.8971143e+01   3.3397432e+00
   1.2000000e+02   4.2218738e+01   3.5197922e+00
   1.2187500e+02   4.5466334e+01   3.4782572e+00
   1.2000000e+02   4.8713929e+01   3.6063858e+00
   1.2187500e+02   5.1961524e+01   3.4783052e+00
   1.2000000e+02   5.5209119e+01   3.5290933e+00
   1.2187500e+02   5.8456715e+01   3.3320838e+00
   1.2000000e+02   6.1704310e+01   3.3106154e+00
   1.2187500e+02   6.4951905e+01   3.0775442e+00
   1.2000000e+02   6.8199501e+01   3.0035782e+00
   1.2187500e+02   7.1447096e+01   2.7574291e+00
   1.2000000e+02   7.4694691e+01   2.6463285e+00
   1.2187500e+02   7.7942286e+01   2.4011077e+00
   1.2000000e+02   8.1189882e+01   2.2626717e+00
   1.2187500e+02   8.4437477e+01   2.0273433e+00
   1.2000000e+02   8.7685072e+01   1.8681382e+00
   1.2187500e+02   9.0932667e+01   1.6489328e+00
   1.2000000e+02   9.4180263e+01   1.4744691e+00
   1.2187500e+02   9.7427858e+01   1.2765551e+00
   1.2562500e+02   0.0000000e+00   1.3535985e+00
   1.2375000e+02   3.2475953e+00   1.5420688e+00
   1.2562500e+02   6.4951905e+00   1.7066405e+00
   1.2375000e+02   9.7427858e+00   1.9030948e+00
   1.2562500e+02   1.2990381e+01   2.0516179e+00
   1.2375000e+02   1.6237976e+01   2.2557637e+00
   1.2562500e+02   1.9485572e+01   2.3809214e+00
   1.2375000e+02   2.2733167e+01   2.5904425e+00
   1.2562500e+02   2.5980762e+01   2.6836423e+00
   1.2375000e+02   2.9228357e+01   2.8935186e+00
   1.2562500e+02   3.2475953e+01   2.9444331e+00
   1.2375000e+02   3.5723548e+01   3.1457440e+00
   1.2562500e+02   3.8971143e+01   3.1418452e+00
   1.2375000e+02   4.2218738e+01   3.3197262e+00
   1.2562500e+02   4.5466334e+01   3.2478560e+00
   1.2375000e+02   4.8713929e+01   3.3808849e+00
   1.2562500e+02   5.1961524e+01   3.2362466e+00
   1.2375000e+02   5.5209119e+01   3.3063962e+00
   1.2562500e+02   5.8456715e+01   3.1042576e+00
   1.2375000e+02   6.1704310e+01   3.1118281e+00
   1.2562500e+02   6.4951905e+01   2.8784019e+00
   1.2375000e+02   6.8199501e+01   2.8358297e+00
   1.2562500e+02   7.1447096e+01   2.5925183e+00
   1.2375000e+02   7.4694691e+01   2.5120743e+00
   1.2562500e+02   7.7942286e+01   2.2728405e+00
   1.2375000e+02   8.1189882e+01   2.1632558e+00
   1.2562500e+02   8.4437477e+01   1.9368884e+00
   1.2375000e+02   8.7685072e+01   1.8041986e+00
   1.2562500e+02   9.0932667e+01   1.5963365e+00
   1.2375000e+02   9.4180263e+01   1.4455942e+00
   1.2562500e+02   9.7427858e+01   1.2601859e+00
   1.2937500e+02   0.0000000e+00   1.3257569e+00
   1.2750000e+02   3.2475953e+00   1.5145477e+00
   1.2937500e+02   6.4951905e+00   1.6583536e+00
   1.2750000e+02   9.7427858e+00   1.8526144e+00
   1.2937500e+02   1.2990381e+01   1.9762161e+00
   1.2750000e+02   1.6237976e+01   2.1760022e+00
   1.2937500e+02   1.9485572e+01   2.2725401e+00
   1.2750000e+02   2.2733167e+01   2.4760721e+00
   1.2937500e+02   2.5980762e+01   2.5377182e+00
   1.2750000e+02   2.9228357e+01   2.7406263e+00
   1.2937500e+02   3.2475953e+01   2.7584236e+00
   1.2750000e+02   3.5723548e+01   2.9527632e+00
   1.2937500e+02   3.8971143e+01   2.9170367e+00
   1.2750000e+02   4.2218738e+01   3.0902035e+00
   1.2937500e+02   4.5466334e+01   2.9931080e+00
   1.2750000e+02   4.8713929e+01   3.1287680e+00
   1.2937500e+02   5.1961524e+01   2.9707461e+00
   1.2750000e+02   5.5209119e+01   3.0557636e+00
   1.2937500e+02   5.8456715e+01   2.8508114e+00
   1.2750000e+02   6.1704310e+01   2.8833108e+00
   1.2937500e+02   6.4951905e+01   2.6529691e+00
   1.2750000e+02   6.8199501e+01   2.6399717e+00
   1.2937500e+02   7.1447096e+01   2.4032827e+00
   1.2750000e+02   7.4694691e+01   2.3535119e+00
   1.2937500e+02   7.7942286e+01   2.1237015e+00
   1.2750000e+02   8.1189882e+01   2.0441529e+00
   1.2937500e+02   8.4437477e+01   1.8295478e+00
   1.2750000e+02   8.7685072e+01   1.7252676e+00
   1.2937500e+02   9.0932667e+01   1.5307231e+00
   1.2750000e+02   9.4180263e+01   1.4059046e+00
   1.2937500e+02   9.7427858e+01   1.2339008e+00
   1.3312500e+02   0.0000000e+00   1.2800250e+00
   1.3125000e+02   3.2475953e+00   1.4679233e+00
   1.3312500e+02   6.4951905e+00   1.5908456e+00
   1.3125000e+02   9.7427858e+00   1.7814066e+00
   1.3312500e+02   1.2990381e+01   1.8802978e+00
   1.3125000e+02   1.6237976e+01   2.0739078e+00
   1.3312500e+02   1.9485572e+01   2.1425443e+00
   1.3125000e+02   2.2733167e+01   2.3379382e+00
   1.3312500e+02   2.5980762e+01   2.3695211e+00
   1.3125000e+02   2.9228357e+01   2.5630578e+00
   1.3312500e+02   3.2475953e+01   2.5503204e+00
   1.3125000e+02   3.5723548e+01   2.7353629e+00
   1.3312500e+02   3.8971143e+01   2.6715670e+00
   1.3125000e+02   4.2218738e+01   2.8381870e+00
   1.3312500e+02   4.5466334e+01   2.7198265e+00
   1.3125000e+02   4.8713929e+01   2.8561397e+00
   1.3312500e+02   5.1961524e+01   2.6872287e+00
   1.3125000e+02   5.5209119e+01   2.7837272e+00
   1.3312500e+02   5.8456715e+01   2.5777248e+00
   1.3125000e+02   6.1704310e+01   2.6315608e+00
   1.3312500e+02   6.4951905e+01   2.4067443e+00
   1.3125000e+02   6.8199501e+01   2.4210148e+00
   1.3312500e+02   7.1447096e+01   2.1938400e+00
   1.3125000e+02   7.4694691e+01   2.1738861e+00
   1.3312500e+02   7.7942286e+01   1.9562491e+00
   1.3125000e+02   8.1189882e+01   1.9070202e+00
   1.3312500e+02   8.4437477e+01   1.7064450e+00
   1.3125000e+02   8.7685072e+01   1.6316320e+00
   1.3312500e+02   9.0932667e+01   1.4519940e+00
   1.3125000e+02   9.4180263e+01   1.3545191e+00
   1.3312500e+02   9.7427858e+01   1.1967019e+00
   1.3687500e+02   0.0000000e+00   1.2173605e+00
   1.3500000e+02   3.2475953e+00   1.4033433e+00
   1.3687500e+02   6.4951905e+00   1.5056188e+00
   1.3500000e+02   9.7427858e+00   1.6912093e+00
   1.3687500e+02   1.2990381e+01   1.7660215e+00
   1.3500000e+02   1.6237976e+01   1.9519827e+00
   1.3687500e+02   1.9485572e+01   1.9939473e+00
   1.3500000e+02   2.2733167e+01   2.1795459e+00
   1.3687500e+02   2.5980762e+01   2.1830835e+00
   1.3500000e+02   2.9228357e+01   2.3654726e+00
   1.3687500e+02   3.2475953e+01   2.3250929e+00
   1.3500000e+02   3.5723548e+01   2.4991239e+00
   1.3687500e+02   3.8971143e+01   2.4107626e+00
   1.3500000e+02   4.2218738e+01   2.5692786e+00
   1.3687500e+02   4.5466334e+01   2.4328748e+00
   1.3500000e+02   4.8713929e+01   2.5679525e+00
   1.3687500e+02   5.1961524e+01   2.3902522e+00
   1.3500000e+02   5.5209119e+01   2.4954325e+00
   1.3687500e+02   5.8456715e+01   2.2899395e+00
   1.3500000e+02   6.1704310e+01   2.3619938e+00
   1.3687500e+02   6.4951905e+01   2.1446368e+00
   1.3500000e+02   6.8199501e+01   2.1836653e+00
   1.3687500e+02   7.1447096e+01   1.9682407e+00
   1.3500000e+02   7.4694691e+01   1.9765842e+00
   1.3687500e+02   7.7942286e+01   1.7732320e+00
   1.3500000e+02   8.1189882e+01   1.7538112e+00
   1.3687500e+02   8.4437477e+01   1.5689999e+00
   1.3500000e+02   8.7685072e+01   1.5239546e+00
   1.3687500e+02   9.0932667e+01   1.3604474e+00
   1.3500000e+02   9.4180263e+01   1.2910878e+00
   1.3687500e+02   9.7427858e+01   1.1481274e+00
   1.4062500e+02   0.0000000e+00   1.1387763e+00
   1.3875000e+02   3.2475953e+00   1.3220714e+00
   1.4062500e+02   6.4951905e+00   1.4042060e+00
   1.3875000e+02   9.7427858e+00   1.5838591e+00
   1.4062500e+02   1.2990381e+01   1.6355375e+00
   1.3875000e+02   1.6237976e+01   1.8127930e+00
   1.4062500e+02   1.9485572e+01   1.8296952e+00
   1.3875000e+02   2.2733167e+01   2.0043658e+00
   1.4062500e+02   2.5980762e+01   1.9822413e+00
   1.3875000e+02   2.9228357e+01   2.1522656e+00
   1.4062500e+02   3.2475953e+01   2.0873074e+00
   1.3875000e+02   3.5723548e+01   2.2490265e+00
   1.4062500e+02   3.8971143e+01   2.1394083e+00
   1.3875000e+02   4.2218738e+01   2.2883355e+00
   1.4062500e+02   4.5466334e+01   2.1366828e+00
   1.3875000e+02   4.8713929e+01   2.2685750e+00
   1.4062500e+02   5.1961524e+01   2.0839754e+00
   1.3875000e+02   5.5209119e+01   2.1953122e+00
   1.4062500e+02   5.8456715e+01   1.9918921e+00
   1.3875000e+02   6.1704310e+01   2.0793705e+00
   1.4062500e+02   6.4951905e+01   1.8712554e+00
   1.3875000e+02   6.8199501e+01   1.9323899e+00
   1.4062500e+02   7.1447096e+01   1.7305281e+00
   1.3875000e+02   7.4694691e+01   1.7650687e+00
   1.4062500e+02   7.7942286e+01   1.5775482e+00
   1.3875000e+02   8.1189882e+01   1.5866958e+00
   1.4062500e+02   8.4437477e+01   1.4188591e+00
   1.3875000e+02   8.7685072e+01   1.4031977e+00
   1.4062500e+02   9.0932667e+01   1.2566605e+00
   1.3875000e+02   9.4180263e+01   1.2156440e+00
   1.4062500e+02   9.7427858e+01   1.0880138e+00
   1.4437500e+02   0.0000000e+00   1.0452130e+00
   1.4250000e+02   3.2475953e+00   1.2253478e+00
   1.4437500e+02   6.4951905e+00   1.2880100e+00
   1.4250000e+02   9.7427858e+00   1.4611181e+00
   1.4437500e+02   1.2990381e+01   1.4908138e+00
   1.4250000e+02   1.6237976e+01   1.6587850e+00
   1.4437500e+02   1.9485572e+01   1.6525151e+00
   1.4250000e+02   2.2733167e+01   1.8156786e+00
   1.4437500e+02   2.5980762e+01   1.7705505e+00
   1.4250000e+02   2.9228357e+01   1.9275249e+00
   1.4437500e+02   3.2475953e+01   1.8412062e+00
   1.4250000e+02   3.5723548e+01   1.9896557e+00
   1.4437500e+02   3.8971143e+01   1.8620501e+00
   1.4250000e+02   4.2218738e+01   1.9998989e+00
   1.4437500e+02   4.5466334e+01   1.8356274e+00
   1.4250000e+02   4.8713929e+01   1.9621847e+00
   1.4437500e+02   5.1961524e+01   1.7725101e+00
   1.4250000e+02   5.5209119e+01   1.8875287e+00
   1.4437500e+02   5.8456715e+01   1.6879339e+00
   1.4250000e+02   6.1704310e+01   1.7882206e+00
   1.4437500e+02   6.4951905e+01   1.5912647e+00
   1.4250000e+02   6.8199501e+01   1.6716377e+00
   1.4437500e+02   7.1447096e+01   1.4849081e+00
   1.4250000e+02   7.4694691e+01   1.5429248e+00
   1.4437500e+02   7.7942286e+01   1.3722671e+00
   1.4250000e+02   8.1189882e+01   1.4080223e+00
   1.4437500e+02   8.4437477e+01   1.2578530e+00
   1.4250000e+02   8.7685072e+01   1.2705395e+00
   1.4437500e+02   9.0932667e+01   1.1413708e+00
   1.4250000e+02   9.4180263e+01   1.1284232e+00
   1.4437500e+02   9.7427858e+01   1.0162518e+00
   1.4812500e+02   0.0000000e+00   9.3739732e-01
   1.4625000e+02   3.2475953e+00   1.1142407e+00
   1.4812500e+02   6.4951905e+00   1.1581292e+00
   1.4625000e+02   9.7427858e+00   1.3245022e+00
   1.4812500e+02   1.2990381e+01   1.3334818e+00
   1.4625000e+02   1.6237976e+01   1.4921352e+00
   1.4812500e+02   1.9485572e+01   1.4648057e+00
   1.4625000e+02   2.2733167e+01   1.6164721e+00
   1.4812500e+02   2.5980762e+01   1.5512342e+00
   1.4625000e+02   2.9228357e+01   1.6950257e+00
   1.4812500e+02   3.2475953e+01   1.5907600e+00
   1.4625000e+02   3.5723548e+01   1.7253687e+00
   1.4812500e+02   3.8971143e+01   1.5832066e+00
   1.4625000e+02   4.2218738e+01   1.7085226e+00
   1.4812500e+02   4.5466334e+01   1.5343781e+00
   1.4625000e+02   4.8713929e+01   1.6531138e+00
   1.4812500e+02   5.1961524e+01   1.4602611e+00
   1.4625000e+02   5.5209119e+01   1.5763267e+00
   1.4812500e+02   5.8456715e+01   1.3827239e+00
   1.4625000e+02   6.1704310e+01   1.4932553e+00
   1.4812500e+02   6.4951905e+01   1.3097714e+00
   1.4625000e+02   6.8199501e+01   1.4061331e+00
   1.4812500e+02   7.1447096e+01   1.2359604e+00
   1.4625000e+02   7.4694691e+01   1.3139715e+00
   1.4812500e+02   7.7942286e+01   1.1606877e+00
   1.4625000e+02   8.1189882e+01   1.2203187e+00
   1.4812500e+02   8.4437477e+01   1.0880039e+00
   1.4625000e+02   8.7685072e+01   1.1273244e+00
   1.4812500e+02   9.0932667e+01   1.0154023e+00
   1.4625000e+02   9.4180263e+01   1.0296887e+00
   1.4812500e+02   9.7427858e+01   9.3253429e-01
   1.5187500e+02   0.0000000e+00   8.1566259e-01
   1.5000000e+02   3.2475953e+00   9.8947141e-01
   1.5187500e+02   6.4951905e+00   1.0151424e+00
   1.5000000e+02   9.7427858e+00   1.1751058e+00
   1.5187500e+02   1.2990381e+01   1.1647161e+00
   1.5000000e+02   1.6237976e+01   1.3146401e+00
   1.5187500e+02   1.9485572e+01   1.2685741e+00
   1.5000000e+02   2.2733167e+01   1.4093712e+00
   1.5187500e+02   2.5980762e+01   1.3271307e+00
   1.5000000e+02   2.9228357e+01   1.4582086e+00
   1.5187500e+02   3.2475953e+01   1.3396382e+00
   1.5000000e+02   3.5723548e+01   1.4603691e+00
   1.5187500e+02   3.8971143e+01   1.3074412e+00
   1.5000000e+02   4.2218738e+01   1.4190220e+00
   1.5187500e+02   4.5466334e+01   1.2382475e+00
   1.5000000e+02   4.8713929e+01   1.3462474e+00
   1.5187500e+02   5.1961524e+01   1.1523794e+00
   1.5000000e+02   5.5209119e+01   1.2663935e+00
   1.5187500e+02   5.8456715e+01   1.0817136e+00
   1.5000000e+02   6.1704310e+01   1.1998174e+00
   1.5187500e+02   6.4951905e+01   1.0326991e+00
   1.5000000e+02   6.8199501e+01   1.1411664e+00
   1.5187500e+02   7.1447096e+01   9.8880665e-01
   1.5000000e+02   7.4694691e+01   1.0823937e+00
   1.5187500e+02   7.7942286e+01   9.4642160e-01
   1.5000000e+02   8.1189882e+01   1.0263368e+00
   1.5187500e+02   8.4437477e+01   9.1163151e-01
   1.5000000e+02   8.7685072e+01   9.7509229e-01
   1.5187500e+02   9.0932667e+01   8.7967824e-01
   1.5000000e+02   9.4180263e+01   9.1959769e-01
   1.5187500e+02   9.7427858e+01   8.3612040e-01
