   3.7500000e+00   0.0000000e+00   5.4795952e-01
   0.0000000e+00   6.4951905e+00   5.9295193e-01
   3.7500000e+00   1.2990381e+01   7.0298997e-01
   0.0000000e+00   1.9485572e+01   6.5714748e-01
   3.7500000e+00   2.5980762e+01   7.2407012e-01
   0.0000000e+00   3.2475953e+01   6.2390779e-01
   3.7500000e+00   3.8971143e+01   6.7132322e-01
   0.0000000e+00   4.5466334e+01   5.4362821e-01
   3.7500000e+00   5.1961524e+01   6.0241706e-01
   0.0000000e+00   5.8456715e+01   5.0710807e-01
   3.7500000e+00   6.4951905e+01   6.3017699e-01
   0.0000000e+00   7.1447096e+01   5.7794908e-01
   3.7500000e+00   7.7942286e+01   6.9458660e-01
   0.0000000e+00   8.4437477e+01   6.3436414e-01
   3.7500000e+00   9.0932667e+01   7.1283629e-01
   0.0000000e+00   9.7427858e+01   6.2356391e-01
   1.1250000e+01   0.0000000e+00   6.0252444e-01
   7.5000000e+00   6.4951905e+00   6.9006300e-01
   1.1250000e+01   1.2990381e+01   7.9815346e-01
   7.5000000e+00   1.9485572e+01   7.8718212e-01
   1.1250000e+01   2.5980762e+01   8.6180370e-01
   7.5000000e+00   3.2475953e+01   7.8319313e-01
   1.1250000e+01   3.8971143e+01   8.4754592e-01
   7.5000000e+00   4.5466334e+01   7.2867835e-01
   1.1250000e+01   5.1961524e+01   8.1191119e-01
   7.5000000e+00   5.8456715e+01   7.0486806e-01
   1.1250000e+01   6.4951905e+01   8.2625982e-01
   7.5000000e+00   7.1447096e+01   7.5418785e-01
   1.1250000e+01   7.7942286e+01   8.5842044e-01
   7.5000000e+00   8.4437477e+01   7.8705975e-01
   1.1250000e+01   9.0932667e+01   8.4121492e-01
   7.5000000e+00   9.7427858e+01   7.4941917e-01
   1.8750000e+01   0.0000000e+00   6.2348101e-01
   1.5000000e+01   6.4951905e+00   7.4449482e-01
   1.8750000e+01   1.2990381e+01   8.6559347e-01
   1.5000000e+01   1.9485572e+01   8.9297278e-01
   1.8750000e+01   2.5980762e+01   9.8774386e-01
   1.5000000e+01   3.2475953e+01   9.3892181e-01
   1.8750000e+01   3.8971143e+01   1.0273134e+00
   1.5000000e+01   4.5466334e+01   9.2801357e-01
   1.8750000e+01   5.1961524e+01   1.0276495e+00
   1.5000000e+01   5.8456715e+01   9.1967163e-01
   1.8750000e+01   6.4951905e+01   1.0301494e+00
   1.5000000e+01   7.1447096e+01   9.3718002e-01
   1.8750000e+01   7.7942286e+01   1.0194597e+00
   1.5000000e+01   8.4437477e+01   9.2806566e-01
   1.8750000e+01   9.0932667e+01   9.5144828e-01
   1.5000000e+01   9.7427858e+01   8.4511090e-01
   2.6250000e+01   0.0000000e+00   6.2294235e-01
   2.2500000e+01   6.4951905e+00   7.7443230e-01
   2.6250000e+01   1.2990381e+01   9.1648271e-01
   2.2500000e+01   1.9485572e+01   9.8252246e-01
   2.6250000e+01   2.5980762e+01   1.1061095e+00
   2.2500000e+01   3.2475953e+01   1.0912494e+00
   2.6250000e+01   3.8971143e+01   1.2072637e+00
   2.2500000e+01   4.5466334e+01   1.1303487e+00
   2.6250000e+01   5.1961524e+01   1.2428359e+00
   2.2500000e+01   5.8456715e+01   1.1359766e+00
   2.6250000e+01   6.4951905e+01   1.2343769e+00
   2.2500000e+01   7.1447096e+01   1.1214146e+00
   2.6250000e+01   7.7942286e+01   1.1768301e+00
   2.2500000e+01   8.4437477e+01   1.0597925e+00
   2.6250000e+01   9.0932667e+01   1.0488484e+00
   2.2500000e+01   9.7427858e+01   9.2058856e-01
   3.3750000e+01   0.0000000e+00   6.0787388e-01
   3.0000000e+01   6.4951905e+00   7.8938163e-01
   3.3750000e+01   1.2990381e+01   9.5808347e-01
   3.0000000e+01   1.9485572e+01   1.0628386e+00
   3.3750000e+01   2.5980762e+01   1.2214170e+00
   3.0000000e+01   3.2475953e+01   1.2416889e+00
   3.3750000e+01   3.8971143e+01   1.3883871e+00
   3.0000000e+01   4.5466334e+01   1.3329675e+00
   3.3750000e+01   5.1961524e+01   1.4583617e+00
   3.0000000e+01   5.8456715e+01   1.3512747e+00
   3.3750000e+01   6.4951905e+01   1.4382939e+00
   3.0000000e+01   7.1447096e+01   1.3043975e+00
   3.3750000e+01   7.7942286e+01   1.3311071e+00
   3.0000000e+01   8.4437477e+01   1.1844325e+00
   3.3750000e+01   9.0932667e+01   1.1370489e+00
   3.0000000e+01   9.7427858e+01   9.8208127e-01
   4.1250000e+01   0.0000000e+00   5.8295515e-01
   3.7500000e+01   6.4951905e+00   7.9502972e-01
   4.1250000e+01   1.2990381e+01   9.9544685e-01
   3.7500000e+01   1.9485572e+01   1.1395369e+00
   4.1250000e+01   2.5980762e+01   1.3386782e+00
   3.7500000e+01   3.2475953e+01   1.3938957e+00
   4.1250000e+01   3.8971143e+01   1.5749999e+00
   3.7500000e+01   4.5466334e+01   1.5385829e+00
   4.1250000e+01   5.1961524e+01   1.6786760e+00
   3.7500000e+01   5.8456715e+01   1.5680980e+00
   4.1250000e+01   6.4951905e+01   1.6448690e+00
   3.7500000e+01   7.1447096e+01   1.4871321e+00
   4.1250000e+01   7.7942286e+01   1.4843063e+00
   3.7500000e+01   8.4437477e+01   1.3041466e+00
   4.1250000e+01   9.0932667e+01   1.2184628e+00
   3.7500000e+01   9.7427858e+01   1.0328972e+00
   4.8750000e+01   0.0000000e+00   5.5181514e-01
   4.5000000e+01   6.4951905e+00   7.9539314e-01
   4.8750000e+01   1.2990381e+01   1.0327856e+00
   4.5000000e+01   1.9485572e+01   1.2176663e+00
   4.8750000e+01   2.5980762e+01   1.4636448e+00
   4.5000000e+01   3.2475953e+01   1.5532820e+00
   4.8750000e+01   3.8971143e+01   1.7733477e+00
   4.5000000e+01   4.5466334e+01   1.7527180e+00
   4.8750000e+01   5.1961524e+01   1.9098609e+00
   4.5000000e+01   5.8456715e+01   1.7913526e+00
   4.8750000e+01   6.4951905e+01   1.8585979e+00
   4.5000000e+01   7.1447096e+01   1.6726571e+00
   4.8750000e+01   7.7942286e+01   1.6391879e+00
   4.5000000e+01   8.4437477e+01   1.4211628e+00
   4.8750000e+01   9.0932667e+01   1.2949004e+00
   4.5000000e+01   9.7427858e+01   1.0748535e+00
   5.6250000e+01   0.0000000e+00   5.1764060e-01
   5.2500000e+01   6.4951905e+00   7.9378166e-01
   5.6250000e+01   1.2990381e+01   1.0745309e+00
   5.2500000e+01   1.9485572e+01   1.3025932e+00
   5.6250000e+01   2.5980762e+01   1.6030987e+00
   5.2500000e+01   3.2475953e+01   1.7264936e+00
   5.6250000e+01   3.8971143e+01   1.9904439e+00
   5.2500000e+01   4.5466334e+01   1.9820680e+00
   5.6250000e+01   5.1961524e+01   2.1581695e+00
   5.2500000e+01   5.8456715e+01   2.0266826e+00
   5.6250000e+01   6.4951905e+01   2.0839674e+00
   5.2500000e+01   7.1447096e+01   1.8646423e+00
   5.6250000e+01   7.7942286e+01   1.7984465e+00
   5.2500000e+01   8.4437477e+01   1.5376721e+00
   5.6250000e+01   9.0932667e+01   1.3679426e+00
   5.2500000e+01   9.7427858e+01   1.1091524e+00
   6.3750000e+01   0.0000000e+00   4.8152797e-01
   6.0000000e+01   6.4951905e+00   7.9316451e-01
   6.3750000e+01   1.2990381e+01   1.1277364e+00
   6.0000000e+01   1.9485572e+01   1.4011853e+00
   6.3750000e+01   2.5980762e+01   1.7650462e+00
   6.0000000e+01   3.2475953e+01   1.9208174e+00
   6.3750000e+01   3.8971143e+01   2.2327037e+00
   6.0000000e+01   4.5466334e+01   2.2330682e+00
   6.3750000e+01   5.1961524e+01   2.4284788e+00
   6.0000000e+01   5.8456715e+01   2.2790001e+00
   6.3750000e+01   6.4951905e+01   2.3239454e+00
   6.0000000e+01   7.1447096e+01   2.0661006e+00
   6.3750000e+01   7.7942286e+01   1.9637629e+00
   6.0000000e+01   8.4437477e+01   1.6555554e+00
   6.3750000e+01   9.0932667e+01   1.4392023e+00
   6.0000000e+01   9.7427858e+01   1.1370408e+00
   7.1250000e+01   0.0000000e+00   4.5757383e-01
   6.7500000e+01   6.4951905e+00   8.0097515e-01
   7.1250000e+01   1.2990381e+01   1.2076533e+00
   6.7500000e+01   1.9485572e+01   1.5235547e+00
   7.1250000e+01   2.5980762e+01   1.9576656e+00
   6.7500000e+01   3.2475953e+01   2.1429072e+00
   7.1250000e+01   3.8971143e+01   2.5037298e+00
   6.7500000e+01   4.5466334e+01   2.5101203e+00
   7.1250000e+01   5.1961524e+01   2.7223585e+00
   6.7500000e+01   5.8456715e+01   2.5508167e+00
   7.1250000e+01   6.4951905e+01   2.5781749e+00
   6.7500000e+01   7.1447096e+01   2.2779215e+00
   7.1250000e+01   7.7942286e+01   2.1344758e+00
   6.7500000e+01   8.4437477e+01   1.7758679e+00
   7.1250000e+01   9.0932667e+01   1.5104526e+00
   6.7500000e+01   9.7427858e+01   1.1607128e+00
   7.8750000e+01   0.0000000e+00   4.8435806e-01
   7.5000000e+01   6.4951905e+00   8.4316302e-01
   7.8750000e+01   1.2990381e+01   1.3387059e+00
   7.5000000e+01   1.9485572e+01   1.6826682e+00
   7.8750000e+01   2.5980762e+01   2.1845890e+00
   7.5000000e+01   3.2475953e+01   2.3957298e+00
   7.8750000e+01   3.8971143e+01   2.8007844e+00
   7.5000000e+01   4.5466334e+01   2.8131306e+00
   7.8750000e+01   5.1961524e+01   3.0356379e+00
   7.5000000e+01   5.8456715e+01   2.8401683e+00
   7.8750000e+01   6.4951905e+01   2.8406748e+00
   7.5000000e+01   7.1447096e+01   2.4969592e+00
   7.8750000e+01   7.7942286e+01   2.3056314e+00
   7.5000000e+01   8.4437477e+01   1.8977245e+00
   7.8750000e+01   9.0932667e+01   1.5827019e+00
   7.5000000e+01   9.7427858e+01   1.1846913e+00
   8.6250000e+01   0.0000000e+00   6.4810913e-01
   8.2500000e+01   6.4951905e+00   9.6820266e-01
   8.6250000e+01   1.2990381e+01   1.5331544e+00
   8.2500000e+01   1.9485572e+01   1.8855009e+00
   8.6250000e+01   2.5980762e+01   2.4360139e+00
   8.2500000e+01   3.2475953e+01   2.6731287e+00
   8.6250000e+01   3.8971143e+01   3.1101830e+00
   8.2500000e+01   4.5466334e+01   3.1343267e+00
   8.6250000e+01   5.1961524e+01   3.3555034e+00
   8.2500000e+01   5.8456715e+01   3.1380279e+00
   8.6250000e+01   6.4951905e+01   3.0969313e+00
   8.2500000e+01   7.1447096e+01   2.7135957e+00
   8.6250000e+01   7.7942286e+01   2.4656805e+00
   8.2500000e+01   8.4437477e+01   2.0161442e+00
   8.6250000e+01   9.0932667e+01   1.6525927e+00
   8.2500000e+01   9.7427858e+01   1.2148738e+00
   9.3750000e+01   0.0000000e+00   8.7111477e-01
   9.0000000e+01   6.4951905e+00   1.1802534e+00
   9.3750000e+01   1.2990381e+01   1.7586929e+00
   9.0000000e+01   1.9485572e+01   2.1166919e+00
   9.3750000e+01   2.5980762e+01   2.6819044e+00
   9.0000000e+01   3.2475953e+01   2.9535797e+00
   9.3750000e+01   3.8971143e+01   3.4023348e+00
   9.0000000e+01   4.5466334e+01   3.4545553e+00
   9.3750000e+01   5.1961524e+01   3.6569177e+00
   9.0000000e+01   5.8456715e+01   3.4249632e+00
   9.3750000e+01   6.4951905e+01   3.3202061e+00
   9.0000000e+01   7.1447096e+01   2.9090920e+00
   9.3750000e+01   7.7942286e+01   2.5951538e+00
   9.0000000e+01   8.4437477e+01   2.1198409e+00
   9.3750000e+01   9.0932667e+01   1.7096805e+00
   9.0000000e+01   9.7427858e+01   1.2484445e+00
   1.0125000e+02   0.0000000e+00   1.0816659e+00
   9.7500000e+01   6.4951905e+00   1.4061860e+00
   1.0125000e+02   1.2990381e+01   1.9608669e+00
   9.7500000e+01   1.9485572e+01   2.3355279e+00
   1.0125000e+02   2.5980762e+01   2.8755099e+00
   9.7500000e+01   3.2475953e+01   3.1965610e+00
   1.0125000e+02   3.8971143e+01   3.6260669e+00
   9.7500000e+01   4.5466334e+01   3.7385093e+00
   1.0125000e+02   5.1961524e+01   3.8965300e+00
   9.7500000e+01   5.8456715e+01   3.6659375e+00
   1.0125000e+02   6.4951905e+01   3.4672678e+00
   9.7500000e+01   7.1447096e+01   3.0537296e+00
   1.0125000e+02   7.7942286e+01   2.6682478e+00
   9.7500000e+01   8.4437477e+01   2.1920572e+00
   1.0125000e+02   9.0932667e+01   1.7417169e+00
   9.7500000e+01   9.7427858e+01   1.2729975e+00
   1.0875000e+02   0.0000000e+00   1.2447753e+00
   1.0500000e+02   6.4951905e+00   1.5926092e+00
   1.0875000e+02   1.2990381e+01   2.0959379e+00
   1.0500000e+02   1.9485572e+01   2.4935876e+00
   1.0875000e+02   2.5980762e+01   2.9673446e+00
   1.0500000e+02   3.2475953e+01   3.3450431e+00
   1.0875000e+02   3.8971143e+01   3.7041157e+00
   1.0500000e+02   4.5466334e+01   3.9238168e+00
   1.0875000e+02   5.1961524e+01   3.9915942e+00
   1.0500000e+02   5.8456715e+01   3.7998132e+00
   1.0875000e+02   6.4951905e+01   3.4796378e+00
   1.0500000e+02   7.1447096e+01   3.1086845e+00
   1.0875000e+02   7.7942286e+01   2.6587593e+00
   1.0500000e+02   8.4437477e+01   2.2152125e+00
   1.0875000e+02   9.0932667e+01   1.7414880e+00
   1.0500000e+02   9.7427858e+01   1.2836367e+00
   1.1625000e+02   0.0000000e+00   1.3405634e+00
   1.1250000e+02   6.4951905e+00   1.7088578e+00
   1.1625000e+02   1.2990381e+01   2.1384325e+00
   1.1250000e+02   1.9485572e+01   2.5530040e+00
   1.1625000e+02   2.5980762e+01   2.9250372e+00
   1.1250000e+02   3.2475953e+01   3.3427521e+00
   1.1625000e+02   3.8971143e+01   3.5691999e+00
   1.1250000e+02   4.5466334e+01   3.8879670e+00
   1.1625000e+02   5.1961524e+01   3.7811565e+00
   1.1250000e+02   5.8456715e+01   3.7327538e+00
   1.1625000e+02   6.4951905e+01   3.3133336e+00
   1.1250000e+02   7.1447096e+01   3.0379962e+00
   1.1625000e+02   7.7942286e+01   2.5496038e+00
   1.1250000e+02   8.4437477e+01   2.1756944e+00
   1.1625000e+02   9.0932667e+01   1.7047521e+00
   1.1250000e+02   9.7427858e+01   1.2871352e+00
   1.2375000e+02   0.0000000e+00   1.3605562e+00
   1.2000000e+02   6.4951905e+00   1.7402480e+00
   1.2375000e+02   1.2990381e+01   2.0809951e+00
   1.2000000e+02   1.9485572e+01   2.4967739e+00
   1.2375000e+02   2.5980762e+01   2.7469746e+00
   1.2000000e+02   3.2475953e+01   3.1701224e+00
   1.2375000e+02   3.8971143e+01   3.2445961e+00
   1.2000000e+02   4.5466334e+01   3.5820508e+00
   1.2375000e+02   5.1961524e+01   3.3605966e+00
   1.2000000e+02   5.8456715e+01   3.4340633e+00
   1.2375000e+02   6.4951905e+01   2.9816310e+00
   1.2000000e+02   7.1447096e+01   2.8294844e+00
   1.2375000e+02   7.7942286e+01   2.3397328e+00
   1.2000000e+02   8.4437477e+01   2.0659866e+00
   1.2375000e+02   9.0932667e+01   1.6242378e+00
   1.2000000e+02   9.7427858e+01   1.2815297e+00
   1.3125000e+02   0.0000000e+00   1.3050701e+00
   1.2750000e+02   6.4951905e+00   1.6849881e+00
   1.3125000e+02   1.2990381e+01   1.9306886e+00
   1.2750000e+02   1.9485572e+01   2.3296184e+00
   1.3125000e+02   2.5980762e+01   2.4561485e+00
   1.2750000e+02   3.2475953e+01   2.8545180e+00
   1.3125000e+02   3.8971143e+01   2.7965348e+00
   1.2750000e+02   4.5466334e+01   3.1231321e+00
   1.3125000e+02   5.1961524e+01   2.8309407e+00
   1.2750000e+02   5.8456715e+01   2.9803315e+00
   1.3125000e+02   6.4951905e+01   2.5321379e+00
   1.2750000e+02   7.1447096e+01   2.5006826e+00
   1.3125000e+02   7.7942286e+01   2.0420963e+00
   1.2750000e+02   8.4437477e+01   1.8852665e+00
   1.3125000e+02   9.0932667e+01   1.4929874e+00
   1.2750000e+02   9.7427858e+01   1.2483604e+00
   1.3875000e+02   0.0000000e+00   1.1799963e+00
   1.3500000e+02   6.4951905e+00   1.5503502e+00
   1.3875000e+02   1.2990381e+01   1.7026763e+00
   1.3500000e+02   1.9485572e+01   2.0703832e+00
   1.3875000e+02   2.5980762e+01   2.0842335e+00
   1.3500000e+02   3.2475953e+01   2.4395532e+00
   1.3875000e+02   3.8971143e+01   2.2761174e+00
   1.3500000e+02   4.5466334e+01   2.5777772e+00
   1.3875000e+02   5.1961524e+01   2.2380220e+00
   1.3500000e+02   5.8456715e+01   2.4353856e+00
   1.3875000e+02   6.4951905e+01   2.0090695e+00
   1.3500000e+02   7.1447096e+01   2.0828087e+00
   1.3875000e+02   7.7942286e+01   1.6767861e+00
   1.3500000e+02   8.4437477e+01   1.6394170e+00
   1.3875000e+02   9.0932667e+01   1.3100404e+00
   1.3500000e+02   9.7427858e+01   1.1738510e+00
   1.4625000e+02   0.0000000e+00   9.9305406e-01
   1.4250000e+02   6.4951905e+00   1.3478778e+00
   1.4625000e+02   1.2990381e+01   1.4136387e+00
   1.4250000e+02   1.9485572e+01   1.7425625e+00
   1.4625000e+02   2.5980762e+01   1.6616584e+00
   1.4250000e+02   3.2475953e+01   1.9650419e+00
   1.4625000e+02   3.8971143e+01   1.7225293e+00
   1.4250000e+02   4.5466334e+01   1.9864821e+00
   1.4625000e+02   5.1961524e+01   1.6161861e+00
   1.4250000e+02   5.8456715e+01   1.8403727e+00
   1.4625000e+02   6.4951905e+01   1.4503586e+00
   1.4250000e+02   7.1447096e+01   1.6084316e+00
   1.4625000e+02   7.7942286e+01   1.2670475e+00
   1.4250000e+02   8.4437477e+01   1.3395929e+00
   1.4625000e+02   9.0932667e+01   1.0796669e+00
   1.4250000e+02   9.7427858e+01   1.0536005e+00
   1.5375000e+02   0.0000000e+00   7.4950374e-01
   1.5000000e+02   6.4951905e+00   1.0882656e+00
   1.5375000e+02   1.2990381e+01   1.0762787e+00
   1.5000000e+02   1.9485572e+01   1.3676455e+00
   1.5375000e+02   2.5980762e+01   1.2140506e+00
   1.5000000e+02   3.2475953e+01   1.4650691e+00
   1.5375000e+02   3.8971143e+01   1.1721125e+00
   1.5000000e+02   4.5466334e+01   1.3853070e+00
   1.5375000e+02   5.1961524e+01   1.0020892e+00
   1.5000000e+02   5.8456715e+01   1.2313032e+00
   1.5375000e+02   6.4951905e+01   8.9794448e-01
   1.5000000e+02   7.1447096e+01   1.1118165e+00
   1.5375000e+02   7.7942286e+01   8.3953259e-01
   1.5000000e+02   8.4437477e+01   1.0004702e+00
   1.5375000e+02   9.0932667e+01   8.0849798e-01
   1.5000000e+02   9.7427858e+01   8.8598239e-01
