   1.5000000e+01   0.0000000e+00   6.1626924e-01
   0.0000000e+00   2.5980762e+01   6.4955105e-01
   1.5000000e+01   5.1961524e+01   9.1968688e-01
   0.0000000e+00   7.7942286e+01   6.1186838e-01
   4.5000000e+01   0.0000000e+00   5.6795589e-01
   3.0000000e+01   2.5980762e+01   1.1638467e+00
   4.5000000e+01   5.1961524e+01   1.7925060e+00
   3.0000000e+01   7.7942286e+01   1.2542560e+00
   7.5000000e+01   0.0000000e+00   4.6085017e-01
   6.0000000e+01   2.5980762e+01   1.6807226e+00
   7.5000000e+01   5.1961524e+01   2.8771343e+00
   6.0000000e+01   7.7942286e+01   1.8803144e+00
   1.0500000e+02   0.0000000e+00   1.1706898e+00
   9.0000000e+01   2.5980762e+01   2.5623038e+00
   1.0500000e+02   5.1961524e+01   3.9706671e+00
   9.0000000e+01   7.7942286e+01   2.5357495e+00
   1.3500000e+02   0.0000000e+00   1.2507458e+00
   1.2000000e+02   2.5980762e+01   2.8519211e+00
   1.3500000e+02   5.1961524e+01   2.5401579e+00
   1.2000000e+02   7.7942286e+01   2.4566957e+00
   1.6500000e+02   0.0000000e+00   2.5881350e-01
   1.5000000e+02   2.5980762e+01   1.4396201e+00
   1.6500000e+02   5.1961524e+01   2.3315598e-01
   1.5000000e+02   7.7942286e+01   1.0536492e+00
