   1.5000000e+00   0.0000000e+00   5.2157622e-01
   0.0000000e+00   2.5980762e+00   5.4421611e-01
   1.5000000e+00   5.1961524e+00   6.0230847e-01
   0.0000000e+00   7.7942286e+00   6.0551730e-01
   1.5000000e+00   1.0392305e+01   6.5131544e-01
   0.0000000e+00   1.2990381e+01   6.4078027e-01
   1.5000000e+00   1.5588457e+01   6.7766003e-01
   0.0000000e+00   1.8186533e+01   6.5599530e-01
   1.5000000e+00   2.0784610e+01   6.8604397e-01
   0.0000000e+00   2.3382686e+01   6.5507296e-01
   1.5000000e+00   2.5980762e+01   6.7985792e-01
   0.0000000e+00   2.8578838e+01   6.4114131e-01
   1.5000000e+00   3.1176915e+01   6.6202207e-01
   0.0000000e+00   3.3774991e+01   6.1712070e-01
   1.5000000e+00   3.6373067e+01   6.3546781e-01
   0.0000000e+00   3.8971143e+01   5.8614868e-01
   1.5000000e+00   4.1569219e+01   6.0357837e-01
   0.0000000e+00   4.4167296e+01   5.5206141e-01
   1.5000000e+00   4.6765372e+01   5.7081207e-01
   0.0000000e+00   4.9363448e+01   5.2023824e-01
   1.5000000e+00   5.1961524e+01   5.4417344e-01
   0.0000000e+00   5.4559600e+01   5.0039065e-01
   1.5000000e+00   5.7157677e+01   5.3971457e-01
   0.0000000e+00   5.9755753e+01   5.1228697e-01
   1.5000000e+00   6.2353829e+01   5.6082094e-01
   0.0000000e+00   6.4951905e+01   5.3945525e-01
   1.5000000e+00   6.7549981e+01   5.8999730e-01
   0.0000000e+00   7.0148058e+01   5.7035307e-01
   1.5000000e+00   7.2746134e+01   6.1959245e-01
   0.0000000e+00   7.5344210e+01   5.9933638e-01
   1.5000000e+00   7.7942286e+01   6.4502721e-01
   0.0000000e+00   8.0540363e+01   6.2255770e-01
   1.5000000e+00   8.3138439e+01   6.6297390e-01
   0.0000000e+00   8.5736515e+01   6.3700567e-01
   1.5000000e+00   8.8334591e+01   6.7068496e-01
   0.0000000e+00   9.0932667e+01   6.4001804e-01
   1.5000000e+00   9.3530744e+01   6.6557364e-01
   0.0000000e+00   9.6128820e+01   6.2890258e-01
   1.5000000e+00   9.8726896e+01   6.4481208e-01
   4.5000000e+00   0.0000000e+00   5.5550173e-01
   3.0000000e+00   2.5980762e+00   5.8643162e-01
   4.5000000e+00   5.1961524e+00   6.4164048e-01
   3.0000000e+00   7.7942286e+00   6.5219065e-01
   4.5000000e+00   1.0392305e+01   6.9600689e-01
   3.0000000e+00   1.2990381e+01   6.9141538e-01
   4.5000000e+00   1.5588457e+01   7.2722919e-01
   3.0000000e+00   1.8186533e+01   7.1044749e-01
   4.5000000e+00   2.0784610e+01   7.4024522e-01
   3.0000000e+00   2.3382686e+01   7.1322589e-01
   4.5000000e+00   2.5980762e+01   7.3848850e-01
   3.0000000e+00   2.8578838e+01   7.0282346e-01
   4.5000000e+00   3.1176915e+01   7.2485654e-01
   3.0000000e+00   3.3774991e+01   6.8208884e-01
   4.5000000e+00   3.6373067e+01   7.0225780e-01
   3.0000000e+00   3.8971143e+01   6.5410716e-01
   4.5000000e+00   4.1569219e+01   6.7410789e-01
   3.0000000e+00   4.4167296e+01   6.2272674e-01
   4.5000000e+00   4.6765372e+01   6.4504812e-01
   3.0000000e+00   4.9363448e+01   5.9352962e-01
   4.5000000e+00   5.1961524e+01   6.2255481e-01
   3.0000000e+00   5.4559600e+01   5.7688397e-01
   4.5000000e+00   5.7157677e+01   6.1905472e-01
   3.0000000e+00   5.9755753e+01   5.8652547e-01
   4.5000000e+00   6.2353829e+01   6.3649025e-01
   3.0000000e+00   6.4951905e+01   6.1154008e-01
   4.5000000e+00   6.7549981e+01   6.6248824e-01
   3.0000000e+00   7.0148058e+01   6.4029138e-01
   4.5000000e+00   7.2746134e+01   6.8894714e-01
   3.0000000e+00   7.5344210e+01   6.6686982e-01
   4.5000000e+00   7.7942286e+01   7.1106449e-01
   3.0000000e+00   8.0540363e+01   6.8739446e-01
   4.5000000e+00   8.3138439e+01   7.2546196e-01
   3.0000000e+00   8.5736515e+01   6.9889384e-01
   4.5000000e+00   8.8334591e+01   7.2940641e-01
   3.0000000e+00   9.0932667e+01   6.9876939e-01
   4.5000000e+00   9.3530744e+01   7.2033623e-01
   3.0000000e+00   9.6128820e+01   6.8438526e-01
   4.5000000e+00   9.8726896e+01   6.9540775e-01
   7.5000000e+00   0.0000000e+00   5.8057670e-01
   6.0000000e+00   2.5980762e+00   6.1793097e-01
   7.5000000e+00   5.1961524e+00   6.7220816e-01
   6.0000000e+00   7.7942286e+00   6.9004867e-01
   7.5000000e+00   1.0392305e+01   7.3342975e-01
   6.0000000e+00   1.2990381e+01   7.3527535e-01
   7.5000000e+00   1.5588457e+01   7.7121325e-01
   6.0000000e+00   1.8186533e+01   7.5991271e-01
   7.5000000e+00   2.0784610e+01   7.9046250e-01
   6.0000000e+00   2.3382686e+01   7.6802405e-01
   7.5000000e+00   2.5980762e+01   7.9466436e-01
   6.0000000e+00   2.8578838e+01   7.6271262e-01
   7.5000000e+00   3.1176915e+01   7.8673516e-01
   6.0000000e+00   3.3774991e+01   7.4682776e-01
   7.5000000e+00   3.6373067e+01   7.6960581e-01
   6.0000000e+00   3.8971143e+01   7.2348419e-01
   7.5000000e+00   4.1569219e+01   7.4676466e-01
   6.0000000e+00   4.4167296e+01   6.9665426e-01
   7.5000000e+00   4.6765372e+01   7.2298391e-01
   6.0000000e+00   4.9363448e+01   6.7217660e-01
   7.5000000e+00   5.1961524e+01   7.0540200e-01
   6.0000000e+00   5.4559600e+01   6.5940156e-01
   7.5000000e+00   5.7157677e+01   7.0276253e-01
   6.0000000e+00   5.9755753e+01   6.6652568e-01
   7.5000000e+00   6.2353829e+01   7.1619503e-01
   6.0000000e+00   6.4951905e+01   6.8737640e-01
   7.5000000e+00   6.7549981e+01   7.3755507e-01
   6.0000000e+00   7.0148058e+01   7.1218207e-01
   7.5000000e+00   7.2746134e+01   7.5938924e-01
   6.0000000e+00   7.5344210e+01   7.3478849e-01
   7.5000000e+00   7.7942286e+01   7.7677671e-01
   6.0000000e+00   8.0540363e+01   7.5116941e-01
   7.5000000e+00   8.3138439e+01   7.8625649e-01
   6.0000000e+00   8.5736515e+01   7.5831236e-01
   7.5000000e+00   8.8334591e+01   7.8506827e-01
   6.0000000e+00   9.0932667e+01   7.5361699e-01
   7.5000000e+00   9.3530744e+01   7.7063722e-01
   6.0000000e+00   9.6128820e+01   7.3443290e-01
   7.5000000e+00   9.8726896e+01   7.4008334e-01
   1.0500000e+01   0.0000000e+00   5.9885513e-01
   9.0000000e+00   2.5980762e+00   6.4171641e-01
   1.0500000e+01   5.1961524e+00   6.9601794e-01
   9.0000000e+00   7.7942286e+00   7.2060215e-01
   1.0500000e+01   1.0392305e+01   7.6474686e-01
   9.0000000e+00   1.2990381e+01   7.7313698e-01
   1.0500000e+01   1.5588457e+01   8.1028948e-01
   9.0000000e+00   1.8186533e+01   8.0485592e-01
   1.0500000e+01   2.0784610e+01   8.3711290e-01
   9.0000000e+00   2.3382686e+01   8.1976602e-01
   1.0500000e+01   2.5980762e+01   8.4862847e-01
   9.0000000e+00   2.8578838e+01   8.2098092e-01
   1.0500000e+01   3.1176915e+01   8.4773500e-01
   9.0000000e+00   3.3774991e+01   8.1136131e-01
   1.0500000e+01   3.6373067e+01   8.3736222e-01
   9.0000000e+00   3.8971143e+01   7.9405519e-01
   1.0500000e+01   4.1569219e+01   8.2100159e-01
   9.0000000e+00   4.4167296e+01   7.7308943e-01
   1.0500000e+01   4.6765372e+01   8.0329918e-01
   9.0000000e+00   4.9363448e+01   7.5413092e-01
   1.0500000e+01   5.1961524e+01   7.9045793e-01
   9.0000000e+00   5.4559600e+01   7.4470504e-01
   1.0500000e+01   5.7157677e+01   7.8858637e-01
   9.0000000e+00   5.9755753e+01   7.4989193e-01
   1.0500000e+01   6.2353829e+01   7.9841224e-01
   9.0000000e+00   6.4951905e+01   7.6603773e-01
   1.0500000e+01   6.7549981e+01   8.1451579e-01
   9.0000000e+00   7.0148058e+01   7.8569958e-01
   1.0500000e+01   7.2746134e+01   8.3066602e-01
   9.0000000e+00   7.5344210e+01   8.0303254e-01
   1.0500000e+01   7.7942286e+01   8.4214176e-01
   9.0000000e+00   8.0540363e+01   8.1396771e-01
   1.0500000e+01   8.3138439e+01   8.4548868e-01
   9.0000000e+00   8.5736515e+01   8.1545562e-01
   1.0500000e+01   8.8334591e+01   8.3794527e-01
   9.0000000e+00   9.0932667e+01   8.0488345e-01
   1.0500000e+01   9.3530744e+01   8.1694848e-01
   9.0000000e+00   9.6128820e+01   7.7959266e-01
   1.0500000e+01   9.8726896e+01   7.7966497e-01
   1.3500000e+01   0.0000000e+00   6.1163654e-01
   1.2000000e+01   2.5980762e+00   6.5951740e-01
   1.3500000e+01   5.1961524e+00   7.1450705e-01
   1.2000000e+01   7.7942286e+00   7.4531627e-01
   1.3500000e+01   1.0392305e+01   7.9108566e-01
   1.2000000e+01   1.2990381e+01   8.0592543e-01
   1.3500000e+01   1.5588457e+01   8.4520495e-01
   1.2000000e+01   1.8186533e+01   8.4585069e-01
   1.3500000e+01   2.0784610e+01   8.8066644e-01
   1.2000000e+01   2.3382686e+01   8.6879681e-01
   1.3500000e+01   2.5980762e+01   9.0063682e-01
   1.2000000e+01   2.8578838e+01   8.7778535e-01
   1.3500000e+01   3.1176915e+01   9.0790303e-01
   1.2000000e+01   3.3774991e+01   8.7563346e-01
   1.3500000e+01   3.6373067e+01   9.0531182e-01
   1.2000000e+01   3.8971143e+01   8.6545070e-01
   1.3500000e+01   4.1569219e+01   8.9622601e-01
   1.2000000e+01   4.4167296e+01   8.5114544e-01
   1.3500000e+01   4.6765372e+01   8.8491908e-01
   1.2000000e+01   4.9363448e+01   8.3783705e-01
   1.3500000e+01   5.1961524e+01   8.7651177e-01
   1.2000000e+01   5.4559600e+01   8.3133541e-01
   1.3500000e+01   5.7157677e+01   8.7535557e-01
   1.2000000e+01   5.9755753e+01   8.3498411e-01
   1.3500000e+01   6.2353829e+01   8.8196924e-01
   1.2000000e+01   6.4951905e+01   8.4649088e-01
   1.3500000e+01   6.7549981e+01   8.9265329e-01
   1.2000000e+01   7.0148058e+01   8.6035394e-01
   1.3500000e+01   7.2746134e+01   9.0244318e-01
   1.2000000e+01   7.5344210e+01   8.7143539e-01
   1.3500000e+01   7.7942286e+01   9.0708372e-01
   1.2000000e+01   8.0540363e+01   8.7582848e-01
   1.3500000e+01   8.3138439e+01   9.0327450e-01
   1.2000000e+01   8.5736515e+01   8.7052757e-01
   1.3500000e+01   8.8334591e+01   8.8833373e-01
   1.2000000e+01   9.0932667e+01   8.5295540e-01
   1.3500000e+01   9.3530744e+01   8.5978567e-01
   1.2000000e+01   9.6128820e+01   8.2051829e-01
   1.3500000e+01   9.8726896e+01   8.1496829e-01
   1.6500000e+01   0.0000000e+00   6.1986137e-01
   1.5000000e+01   2.5980762e+00   6.7248267e-01
   1.6500000e+01   5.1961524e+00   7.2870629e-01
   1.5000000e+01   7.7942286e+00   7.6536148e-01
   1.6500000e+01   1.0392305e+01   8.1340002e-01
   1.5000000e+01   1.2990381e+01   8.3453404e-01
   1.6500000e+01   1.5588457e+01   8.7667678e-01
   1.5000000e+01   1.8186533e+01   8.8349976e-01
   1.6500000e+01   2.0784610e+01   9.2160190e-01
   1.5000000e+01   2.3382686e+01   9.1548320e-01
   1.6500000e+01   2.5980762e+01   9.5095378e-01
   1.5000000e+01   2.8578838e+01   9.3328101e-01
   1.6500000e+01   3.1176915e+01   9.6728854e-01
   1.5000000e+01   3.3774991e+01   9.3956710e-01
   1.6500000e+01   3.6373067e+01   9.7325705e-01
   1.5000000e+01   3.8971143e+01   9.3729755e-01
   1.6500000e+01   4.1569219e+01   9.7195304e-01
   1.5000000e+01   4.4167296e+01   9.3008589e-01
   1.6500000e+01   4.6765372e+01   9.6712429e-01
   1.5000000e+01   4.9363448e+01   9.2233060e-01
   1.6500000e+01   5.1961524e+01   9.6288496e-01
   1.5000000e+01   5.4559600e+01   9.1846947e-01
   1.6500000e+01   5.7157677e+01   9.6240770e-01
   1.5000000e+01   5.9755753e+01   9.2082484e-01
   1.6500000e+01   6.2353829e+01   9.6609719e-01
   1.5000000e+01   6.4951905e+01   9.2789963e-01
   1.6500000e+01   6.7549981e+01   9.7137878e-01
   1.5000000e+01   7.0148058e+01   9.3565276e-01
   1.6500000e+01   7.2746134e+01   9.7439995e-01
   1.5000000e+01   7.5344210e+01   9.3979421e-01
   1.6500000e+01   7.7942286e+01   9.7151452e-01
   1.5000000e+01   8.0540363e+01   9.3676769e-01
   1.6500000e+01   8.3138439e+01   9.5972069e-01
   1.5000000e+01   8.5736515e+01   9.2373055e-01
   1.6500000e+01   8.8334591e+01   9.3652426e-01
   1.5000000e+01   9.0932667e+01   8.9823006e-01
   1.6500000e+01   9.3530744e+01   8.9963716e-01
   1.5000000e+01   9.6128820e+01   8.5784153e-01
   1.6500000e+01   9.8726896e+01   8.4668542e-01
   1.9500000e+01   0.0000000e+00   6.2425325e-01
   1.8000000e+01   2.5980762e+00   6.8145482e-01
   1.9500000e+01   5.1961524e+00   7.3938822e-01
   1.8000000e+01   7.7942286e+00   7.8163728e-01
   1.9500000e+01   1.0392305e+01   8.3246036e-01
   1.8000000e+01   1.2990381e+01   8.5974317e-01
   1.9500000e+01   1.5588457e+01   9.0534418e-01
   1.8000000e+01   1.8186533e+01   9.1837918e-01
   1.9500000e+01   2.0784610e+01   9.6037769e-01
   1.8000000e+01   2.3382686e+01   9.6019378e-01
   1.9500000e+01   2.5980762e+01   9.9984954e-01
   1.8000000e+01   2.8578838e+01   9.8763347e-01
   1.9500000e+01   3.1176915e+01   1.0259680e+00
   1.8000000e+01   3.3774991e+01   1.0031120e+00
   1.9500000e+01   3.6373067e+01   1.0410701e+00
   1.8000000e+01   3.8971143e+01   1.0093077e+00
   1.9500000e+01   4.1569219e+01   1.0478619e+00
   1.8000000e+01   4.4167296e+01   1.0094071e+00
   1.9500000e+01   4.6765372e+01   1.0494959e+00
   1.8000000e+01   4.9363448e+01   1.0070570e+00
   1.9500000e+01   5.1961524e+01   1.0492182e+00
   1.8000000e+01   5.4559600e+01   1.0056438e+00
   1.9500000e+01   5.7157677e+01   1.0493855e+00
   1.8000000e+01   5.9755753e+01   1.0068514e+00
   1.9500000e+01   6.2353829e+01   1.0503398e+00
   1.8000000e+01   6.4951905e+01   1.0096879e+00
   1.9500000e+01   6.7549981e+01   1.0502815e+00
   1.8000000e+01   7.0148058e+01   1.0111963e+00
   1.9500000e+01   7.2746134e+01   1.0462860e+00
   1.8000000e+01   7.5344210e+01   1.0079262e+00
   1.9500000e+01   7.7942286e+01   1.0353658e+00
   1.8000000e+01   8.0540363e+01   9.9679921e-01
   1.9500000e+01   8.3138439e+01   1.0149310e+00
   1.8000000e+01   8.5736515e+01   9.7525720e-01
   1.9500000e+01   8.8334591e+01   9.8278432e-01
   1.8000000e+01   9.0932667e+01   9.4107693e-01
   1.9500000e+01   9.3530744e+01   9.3692768e-01
   1.8000000e+01   9.6128820e+01   8.9210791e-01
   1.9500000e+01   9.8726896e+01   8.7536565e-01
   2.2500000e+01   0.0000000e+00   6.2538932e-01
   2.1000000e+01   2.5980762e+00   6.8708571e-01
   2.2500000e+01   5.1961524e+00   7.4715404e-01
   2.1000000e+01   7.7942286e+00   7.9484093e-01
   2.2500000e+01   1.0392305e+01   8.4888453e-01
   2.1000000e+01   1.2990381e+01   8.8220602e-01
   2.2500000e+01   1.5588457e+01   9.3175780e-01
   2.1000000e+01   1.8186533e+01   9.5101132e-01
   2.2500000e+01   2.0784610e+01   9.9741887e-01
   2.1000000e+01   2.3382686e+01   1.0032874e+00
   2.2500000e+01   2.5980762e+01   1.0476000e+00
   2.1000000e+01   2.8578838e+01   1.0410281e+00
   2.2500000e+01   3.1176915e+01   1.0840598e+00
   2.1000000e+01   3.3774991e+01   1.0662741e+00
   2.2500000e+01   3.6373067e+01   1.1087157e+00
   2.1000000e+01   3.8971143e+01   1.0813148e+00
   2.2500000e+01   4.1569219e+01   1.1237975e+00
   2.1000000e+01   4.4167296e+01   1.0888263e+00
   2.2500000e+01   4.6765372e+01   1.1318444e+00
   2.1000000e+01   4.9363448e+01   1.0917397e+00
   2.2500000e+01   5.1961524e+01   1.1353689e+00
   2.1000000e+01   5.4559600e+01   1.0926347e+00
   2.2500000e+01   5.7157677e+01   1.1361405e+00
   2.1000000e+01   5.9755753e+01   1.0927726e+00
   2.2500000e+01   6.2353829e+01   1.1344693e+00
   2.1000000e+01   6.4951905e+01   1.0915102e+00
   2.2500000e+01   6.7549981e+01   1.1291214e+00
   2.1000000e+01   7.0148058e+01   1.0867121e+00
   2.2500000e+01   7.2746134e+01   1.1179442e+00
   2.1000000e+01   7.5344210e+01   1.0757021e+00
   2.2500000e+01   7.7942286e+01   1.0986074e+00
   2.1000000e+01   8.0540363e+01   1.0559505e+00
   2.2500000e+01   8.3138439e+01   1.0690113e+00
   2.1000000e+01   8.5736515e+01   1.0252869e+00
   2.2500000e+01   8.8334591e+01   1.0273511e+00
   2.1000000e+01   9.0932667e+01   9.8181906e-01
   2.2500000e+01   9.3530744e+01   9.7200904e-01
   2.1000000e+01   9.6128820e+01   9.2376129e-01
   2.2500000e+01   9.8726896e+01   9.0143293e-01
   2.5500000e+01   0.0000000e+00   6.2374163e-01
   2.4000000e+01   2.5980762e+00   6.8989675e-01
   2.5500000e+01   5.1961524e+00   7.5248563e-01
   2.4000000e+01   7.7942286e+00   8.0552423e-01
   2.5500000e+01   1.0392305e+01   8.6317324e-01
   2.4000000e+01   1.2990381e+01   9.0246329e-01
   2.5500000e+01   1.5588457e+01   9.5638808e-01
   2.4000000e+01   1.8186533e+01   9.8185924e-01
   2.5500000e+01   2.0784610e+01   1.0331160e+00
   2.4000000e+01   2.3382686e+01   1.0451092e+00
   2.5500000e+01   2.5980762e+01   1.0944881e+00
   2.4000000e+01   2.8578838e+01   1.0936758e+00
   2.5500000e+01   3.1176915e+01   1.1417305e+00
   2.4000000e+01   3.3774991e+01   1.1291287e+00
   2.5500000e+01   3.6373067e+01   1.1762540e+00
   2.4000000e+01   3.8971143e+01   1.1532787e+00
   2.5500000e+01   4.1569219e+01   1.1997504e+00
   2.4000000e+01   4.4167296e+01   1.1682450e+00
   2.5500000e+01   4.6765372e+01   1.2141536e+00
   2.4000000e+01   4.9363448e+01   1.1763000e+00
   2.5500000e+01   5.1961524e+01   1.2213525e+00
   2.4000000e+01   5.4559600e+01   1.1793914e+00
   2.5500000e+01   5.7157677e+01   1.2226768e+00
   2.4000000e+01   5.9755753e+01   1.1784874e+00
   2.5500000e+01   6.2353829e+01   1.2184254e+00
   2.4000000e+01   6.4951905e+01   1.1732052e+00
   2.5500000e+01   6.7549981e+01   1.2078034e+00
   2.4000000e+01   7.0148058e+01   1.1620551e+00
   2.5500000e+01   7.2746134e+01   1.1893113e+00
   2.4000000e+01   7.5344210e+01   1.1430599e+00
   2.5500000e+01   7.7942286e+01   1.1612549e+00
   2.4000000e+01   8.0540363e+01   1.1142715e+00
   2.5500000e+01   8.3138439e+01   1.1220738e+00
   2.4000000e+01   8.5736515e+01   1.0739863e+00
   2.5500000e+01   8.8334591e+01   1.0704320e+00
   2.4000000e+01   9.0932667e+01   1.0207294e+00
   2.5500000e+01   9.3530744e+01   1.0051656e+00
   2.4000000e+01   9.6128820e+01   9.5315227e-01
   2.5500000e+01   9.8726896e+01   9.2521117e-01
   2.8500000e+01   0.0000000e+00   6.1970437e-01
   2.7000000e+01   2.5980762e+00   6.9031548e-01
   2.8500000e+01   5.1961524e+00   7.5577914e-01
   2.7000000e+01   7.7942286e+00   8.1413417e-01
   2.8500000e+01   1.0392305e+01   8.7574006e-01
   2.7000000e+01   1.2990381e+01   9.2096570e-01
   2.8500000e+01   1.5588457e+01   9.7964052e-01
   2.7000000e+01   1.8186533e+01   1.0113330e+00
   2.8500000e+01   2.0784610e+01   1.0678305e+00
   2.7000000e+01   2.3382686e+01   1.0859928e+00
   2.8500000e+01   2.5980762e+01   1.1408065e+00
   2.7000000e+01   2.8578838e+01   1.1458158e+00
   2.8500000e+01   3.1176915e+01   1.1991954e+00
   2.7000000e+01   3.3774991e+01   1.1918212e+00
   2.8500000e+01   3.6373067e+01   1.2438327e+00
   2.7000000e+01   3.8971143e+01   1.2252730e+00
   2.8500000e+01   4.1569219e+01   1.2758319e+00
   2.7000000e+01   4.4167296e+01   1.2477109e+00
   2.8500000e+01   4.6765372e+01   1.2965388e+00
   2.7000000e+01   4.9363448e+01   1.2608052e+00
   2.8500000e+01   5.1961524e+01   1.3073037e+00
   2.7000000e+01   5.4559600e+01   1.2659941e+00
   2.8500000e+01   5.7157677e+01   1.3091141e+00
   2.7000000e+01   5.9755753e+01   1.2640345e+00
   2.8500000e+01   6.2353829e+01   1.3022735e+00
   2.7000000e+01   6.4951905e+01   1.2547536e+00
   2.8500000e+01   6.7549981e+01   1.2863485e+00
   2.7000000e+01   7.0148058e+01   1.2371919e+00
   2.8500000e+01   7.2746134e+01   1.2604084e+00
   2.7000000e+01   7.5344210e+01   1.2100054e+00
   2.8500000e+01   7.7942286e+01   1.2233689e+00
   2.7000000e+01   8.0540363e+01   1.1718385e+00
   2.8500000e+01   8.3138439e+01   1.1742391e+00
   2.7000000e+01   8.5736515e+01   1.1215114e+00
   2.8500000e+01   8.8334591e+01   1.1122089e+00
   2.7000000e+01   9.0932667e+01   1.0580355e+00
   2.8500000e+01   9.3530744e+01   1.0366257e+00
   2.7000000e+01   9.6128820e+01   9.8055443e-01
   2.8500000e+01   9.8726896e+01   9.4694742e-01
   3.1500000e+01   0.0000000e+00   6.1361322e-01
   3.0000000e+01   2.5980762e+00   6.8870015e-01
   3.1500000e+01   5.1961524e+00   7.5736817e-01
   3.0000000e+01   7.7942286e+00   8.2104185e-01
   3.1500000e+01   1.0392305e+01   8.8693501e-01
   3.0000000e+01   1.2990381e+01   9.3809598e-01
   3.1500000e+01   1.5588457e+01   1.0018719e+00
   3.0000000e+01   1.8186533e+01   1.0398006e+00
   3.1500000e+01   2.0784610e+01   1.1019029e+00
   3.0000000e+01   2.3382686e+01   1.1262642e+00
   3.1500000e+01   2.5980762e+01   1.1868597e+00
   3.0000000e+01   2.8578838e+01   1.1977165e+00
   3.1500000e+01   3.1176915e+01   1.2567154e+00
   3.0000000e+01   3.3774991e+01   1.2545625e+00
   3.1500000e+01   3.6373067e+01   1.3116764e+00
   3.0000000e+01   3.8971143e+01   1.2974690e+00
   3.1500000e+01   4.1569219e+01   1.3522511e+00
   3.0000000e+01   4.4167296e+01   1.3273869e+00
   3.1500000e+01   4.6765372e+01   1.3792166e+00
   3.0000000e+01   4.9363448e+01   1.3454333e+00
   3.1500000e+01   5.1961524e+01   1.3934490e+00
   3.0000000e+01   5.4559600e+01   1.3526235e+00
   3.1500000e+01   5.7157677e+01   1.3956603e+00
   3.0000000e+01   5.9755753e+01   1.3495574e+00
   3.1500000e+01   6.2353829e+01   1.3861729e+00
   3.0000000e+01   6.4951905e+01   1.3362446e+00
   3.1500000e+01   6.7549981e+01   1.3648680e+00
   3.0000000e+01   7.0148058e+01   1.3121809e+00
   3.1500000e+01   7.2746134e+01   1.3313262e+00
   3.0000000e+01   7.5344210e+01   1.2766044e+00
   3.1500000e+01   7.7942286e+01   1.2850503e+00
   3.0000000e+01   8.0540363e+01   1.2287535e+00
   3.1500000e+01   8.3138439e+01   1.2256369e+00
   3.0000000e+01   8.5736515e+01   1.1680112e+00
   3.1500000e+01   8.8334591e+01   1.1528439e+00
   3.0000000e+01   9.0932667e+01   1.0939277e+00
   3.1500000e+01   9.3530744e+01   1.0665734e+00
   3.0000000e+01   9.6128820e+01   1.0061811e+00
   3.1500000e+01   9.8726896e+01   9.6683076e-01
   3.4500000e+01   0.0000000e+00   6.0576004e-01
   3.3000000e+01   2.5980762e+00   6.8535751e-01
   3.4500000e+01   5.1961524e+00   7.5754056e-01
   3.3000000e+01   7.7942286e+00   8.2656343e-01
   3.4500000e+01   1.0392305e+01   8.9706257e-01
   3.3000000e+01   1.2990381e+01   9.5418736e-01
   3.4500000e+01   1.5588457e+01   1.0234045e+00
   3.3000000e+01   1.8186533e+01   1.0676001e+00
   3.4500000e+01   2.0784610e+01   1.1356611e+00
   3.3000000e+01   2.3382686e+01   1.1662475e+00
   3.4500000e+01   2.5980762e+01   1.2329669e+00
   3.3000000e+01   2.8578838e+01   1.2496750e+00
   3.4500000e+01   3.1176915e+01   1.3145929e+00
   3.3000000e+01   3.3774991e+01   1.3176211e+00
   3.4500000e+01   3.6373067e+01   1.3800737e+00
   3.3000000e+01   3.8971143e+01   1.3701182e+00
   3.4500000e+01   4.1569219e+01   1.4292942e+00
   3.3000000e+01   4.4167296e+01   1.4075257e+00
   3.4500000e+01   4.6765372e+01   1.4624813e+00
   3.3000000e+01   4.9363448e+01   1.4304473e+00
   3.4500000e+01   5.1961524e+01   1.4800850e+00
   3.3000000e+01   5.4559600e+01   1.4395376e+00
   3.4500000e+01   5.7157677e+01   1.4825907e+00
   3.3000000e+01   5.9755753e+01   1.4352789e+00
   3.4500000e+01   6.2353829e+01   1.4703529e+00
   3.3000000e+01   6.4951905e+01   1.4178491e+00
   3.4500000e+01   6.7549981e+01   1.4435410e+00
   3.3000000e+01   7.0148058e+01   1.3871526e+00
   3.4500000e+01   7.2746134e+01   1.4022103e+00
   3.3000000e+01   7.5344210e+01   1.3429734e+00
   3.4500000e+01   7.7942286e+01   1.3464333e+00
   3.3000000e+01   8.0540363e+01   1.2851415e+00
   3.4500000e+01   8.3138439e+01   1.2764057e+00
   3.3000000e+01   8.5736515e+01   1.2136301e+00
   3.4500000e+01   8.8334591e+01   1.1924841e+00
   3.3000000e+01   9.0932667e+01   1.1285678e+00
   3.4500000e+01   9.3530744e+01   1.0951597e+00
   3.3000000e+01   9.6128820e+01   1.0301998e+00
   3.4500000e+01   9.8726896e+01   9.8500704e-01
   3.7500000e+01   0.0000000e+00   5.9640428e-01
   3.6000000e+01   2.5980762e+00   6.8055623e-01
   3.7500000e+01   5.1961524e+00   7.5655108e-01
   3.6000000e+01   7.7942286e+00   8.3097569e-01
   3.7500000e+01   1.0392305e+01   9.0639555e-01
   3.6000000e+01   1.2990381e+01   9.6953870e-01
   3.7500000e+01   1.5588457e+01   1.0445386e+00
   3.6000000e+01   1.8186533e+01   1.0950501e+00
   3.7500000e+01   2.0784610e+01   1.1694287e+00
   3.6000000e+01   2.3382686e+01   1.2062701e+00
   3.7500000e+01   2.5980762e+01   1.2794642e+00
   3.6000000e+01   2.8578838e+01   1.3020164e+00
   3.7500000e+01   3.1176915e+01   1.3731679e+00
   3.6000000e+01   3.3774991e+01   1.3813157e+00
   3.7500000e+01   3.6373067e+01   1.4493661e+00
   3.6000000e+01   3.8971143e+01   1.4435369e+00
   3.7500000e+01   4.1569219e+01   1.5073076e+00
   3.6000000e+01   4.4167296e+01   1.4884490e+00
   3.7500000e+01   4.6765372e+01   1.5466852e+00
   3.6000000e+01   4.9363448e+01   1.5161744e+00
   3.7500000e+01   5.1961524e+01   1.5675607e+00
   3.6000000e+01   5.4559600e+01   1.5270531e+00
   3.7500000e+01   5.7157677e+01   1.5702296e+00
   3.6000000e+01   5.9755753e+01   1.5214801e+00
   3.7500000e+01   6.2353829e+01   1.5550929e+00
   3.6000000e+01   6.4951905e+01   1.4997976e+00
   3.7500000e+01   6.7549981e+01   1.5225959e+00
   3.6000000e+01   7.0148058e+01   1.4622915e+00
   3.7500000e+01   7.2746134e+01   1.4732468e+00
   3.6000000e+01   7.5344210e+01   1.4092679e+00
   3.7500000e+01   7.7942286e+01   1.4076771e+00
   3.6000000e+01   8.0540363e+01   1.3411463e+00
   3.7500000e+01   8.3138439e+01   1.3266908e+00
   3.6000000e+01   8.5736515e+01   1.2585098e+00
   3.7500000e+01   8.8334591e+01   1.2312660e+00
   3.6000000e+01   9.0932667e+01   1.1620958e+00
   3.7500000e+01   9.3530744e+01   1.1225108e+00
   3.6000000e+01   9.6128820e+01   1.0527442e+00
   3.7500000e+01   9.8726896e+01   1.0015902e+00
   4.0500000e+01   0.0000000e+00   5.8578234e-01
   3.9000000e+01   2.5980762e+00   6.7453738e-01
   4.0500000e+01   5.1961524e+00   7.5463110e-01
   3.9000000e+01   7.7942286e+00   8.3452769e-01
   4.0500000e+01   1.0392305e+01   9.1518567e-01
   3.9000000e+01   1.2990381e+01   9.8442642e-01
   4.0500000e+01   1.5588457e+01   1.0655626e+00
   3.9000000e+01   1.8186533e+01   1.1224604e+00
   4.0500000e+01   2.0784610e+01   1.2035322e+00
   3.9000000e+01   2.3382686e+01   1.2466683e+00
   4.0500000e+01   2.5980762e+01   1.3267072e+00
   3.9000000e+01   2.8578838e+01   1.3550931e+00
   4.0500000e+01   3.1176915e+01   1.4328140e+00
   3.9000000e+01   3.3774991e+01   1.4460072e+00
   4.0500000e+01   3.6373067e+01   1.5199383e+00
   3.9000000e+01   3.8971143e+01   1.5180929e+00
   4.0500000e+01   4.1569219e+01   1.5866836e+00
   3.9000000e+01   4.4167296e+01   1.5705311e+00
   4.0500000e+01   4.6765372e+01   1.6322235e+00
   3.9000000e+01   4.9363448e+01   1.6029892e+00
   4.0500000e+01   5.1961524e+01   1.6562617e+00
   3.9000000e+01   5.4559600e+01   1.6155287e+00
   4.0500000e+01   5.7157677e+01   1.6589347e+00
   3.9000000e+01   5.9755753e+01   1.6084831e+00
   4.0500000e+01   6.2353829e+01   1.6407056e+00
   3.9000000e+01   6.4951905e+01   1.5823624e+00
   4.0500000e+01   6.7549981e+01   1.6022933e+00
   3.9000000e+01   7.0148058e+01   1.5378199e+00
   4.0500000e+01   7.2746134e+01   1.5446487e+00
   3.9000000e+01   7.5344210e+01   1.4756711e+00
   4.0500000e+01   7.7942286e+01   1.4689584e+00
   3.9000000e+01   8.0540363e+01   1.3969250e+00
   4.0500000e+01   8.3138439e+01   1.3766419e+00
   3.9000000e+01   8.5736515e+01   1.3027901e+00
   4.0500000e+01   8.8334591e+01   1.2693182e+00
   3.9000000e+01   9.0932667e+01   1.1946366e+00
   4.0500000e+01   9.3530744e+01   1.1487356e+00
   3.9000000e+01   9.6128820e+01   1.0739231e+00
   4.0500000e+01   9.8726896e+01   1.0166715e+00
   4.3500000e+01   0.0000000e+00   5.7411514e-01
   4.2000000e+01   2.5980762e+00   6.6752277e-01
   4.3500000e+01   5.1961524e+00   7.5199590e-01
   4.2000000e+01   7.7942286e+00   8.3744970e-01
   4.3500000e+01   1.0392305e+01   9.2367197e-01
   4.2000000e+01   1.2990381e+01   9.9911426e-01
   4.3500000e+01   1.5588457e+01   1.0867625e+00
   4.2000000e+01   1.8186533e+01   1.1501398e+00
   4.3500000e+01   2.0784610e+01   1.2383087e+00
   4.2000000e+01   2.3382686e+01   1.2877922e+00
   4.3500000e+01   2.5980762e+01   1.3750734e+00
   4.2000000e+01   2.8578838e+01   1.4092840e+00
   4.3500000e+01   3.1176915e+01   1.4939347e+00
   4.2000000e+01   3.3774991e+01   1.5120922e+00
   4.3500000e+01   3.6373067e+01   1.5922086e+00
   4.2000000e+01   3.8971143e+01   1.5941931e+00
   4.3500000e+01   4.1569219e+01   1.6678472e+00
   4.2000000e+01   4.4167296e+01   1.6541834e+00
   4.3500000e+01   4.6765372e+01   1.7195190e+00
   4.2000000e+01   4.9363448e+01   1.6912981e+00
   4.3500000e+01   5.1961524e+01   1.7465961e+00
   4.2000000e+01   5.4559600e+01   1.7053505e+00
   4.3500000e+01   5.7157677e+01   1.7490828e+00
   4.2000000e+01   5.9755753e+01   1.6966360e+00
   4.3500000e+01   6.2353829e+01   1.7275218e+00
   4.2000000e+01   6.4951905e+01   1.6658411e+00
   4.3500000e+01   6.7549981e+01   1.6829113e+00
   4.2000000e+01   7.0148058e+01   1.6139837e+00
   4.3500000e+01   7.2746134e+01   1.6166441e+00
   4.2000000e+01   7.5344210e+01   1.5423839e+00
   4.3500000e+01   7.7942286e+01   1.5304627e+00
   4.2000000e+01   8.0540363e+01   1.4526435e+00
   4.3500000e+01   8.3138439e+01   1.4264105e+00
   4.2000000e+01   8.5736515e+01   1.3466088e+00
   4.3500000e+01   8.8334591e+01   1.3067632e+00
   4.2000000e+01   9.0932667e+01   1.2263036e+00
   4.3500000e+01   9.3530744e+01   1.1739309e+00
   4.2000000e+01   9.6128820e+01   1.0938282e+00
   4.3500000e+01   9.8726896e+01   1.0303263e+00
   4.6500000e+01   0.0000000e+00   5.6161413e-01
   4.5000000e+01   2.5980762e+00   6.5972141e-01
   4.6500000e+01   5.1961524e+00   7.4884969e-01
   4.5000000e+01   7.7942286e+00   8.3995965e-01
   4.6500000e+01   1.0392305e+01   9.3208766e-01
   4.5000000e+01   1.2990381e+01   1.0138620e+00
   4.6500000e+01   1.5588457e+01   1.1084315e+00
   4.5000000e+01   1.8186533e+01   1.1784062e+00
   4.6500000e+01   2.0784610e+01   1.2741142e+00
   4.5000000e+01   2.3382686e+01   1.3300115e+00
   4.6500000e+01   2.5980762e+01   1.4249656e+00
   4.5000000e+01   2.8578838e+01   1.4649946e+00
   4.6500000e+01   3.1176915e+01   1.5569607e+00
   4.5000000e+01   3.3774991e+01   1.5799969e+00
   4.6500000e+01   3.6373067e+01   1.6666204e+00
   4.5000000e+01   3.8971143e+01   1.6722730e+00
   4.6500000e+01   4.1569219e+01   1.7512438e+00
   4.5000000e+01   4.4167296e+01   1.7398417e+00
   4.6500000e+01   4.6765372e+01   1.8090089e+00
   4.5000000e+01   4.9363448e+01   1.7815260e+00
   4.6500000e+01   5.1961524e+01   1.8389802e+00
   4.5000000e+01   5.4559600e+01   1.7969178e+00
   4.6500000e+01   5.7157677e+01   1.8410551e+00
   4.5000000e+01   5.9755753e+01   1.7862975e+00
   4.6500000e+01   6.2353829e+01   1.8158757e+00
   4.5000000e+01   6.4951905e+01   1.7505417e+00
   4.6500000e+01   6.7549981e+01   1.7647313e+00
   4.5000000e+01   7.0148058e+01   1.6910381e+00
   4.6500000e+01   7.2746134e+01   1.6894634e+00
   4.5000000e+01   7.5344210e+01   1.6096141e+00
   4.6500000e+01   7.7942286e+01   1.5923762e+00
   4.5000000e+01   8.0540363e+01   1.5084696e+00
   4.6500000e+01   8.3138439e+01   1.4761459e+00
   4.5000000e+01   8.5736515e+01   1.3901009e+00
   4.6500000e+01   8.8334591e+01   1.3437189e+00
   4.5000000e+01   9.0932667e+01   1.2572027e+00
   4.6500000e+01   9.3530744e+01   1.1981861e+00
   4.5000000e+01   9.6128820e+01   1.1125399e+00
   4.6500000e+01   9.8726896e+01   1.0426210e+00
   4.9500000e+01   0.0000000e+00   5.4848504e-01
   4.8000000e+01   2.5980762e+00   6.5133370e-01
   4.9500000e+01   5.1961524e+00   7.4538733e-01
   4.8000000e+01   7.7942286e+00   8.4226761e-01
   4.9500000e+01   1.0392305e+01   9.4066713e-01
   4.8000000e+01   1.2990381e+01   1.0289343e+00
   4.9500000e+01   1.5588457e+01   1.1308821e+00
   4.8000000e+01   1.8186533e+01   1.2075963e+00
   4.9500000e+01   2.0784610e+01   1.3113337e+00
   4.8000000e+01   2.3382686e+01   1.3737220e+00
   4.9500000e+01   2.5980762e+01   1.4768157e+00
   4.8000000e+01   2.8578838e+01   1.5226573e+00
   4.9500000e+01   3.1176915e+01   1.6223459e+00
   4.8000000e+01   3.3774991e+01   1.6501705e+00
   4.9500000e+01   3.6373067e+01   1.7436328e+00
   4.8000000e+01   3.8971143e+01   1.7527856e+00
   4.9500000e+01   4.1569219e+01   1.8373265e+00
   4.8000000e+01   4.4167296e+01   1.8279522e+00
   4.9500000e+01   4.6765372e+01   1.9011305e+00
   4.8000000e+01   4.9363448e+01   1.8741016e+00
   4.9500000e+01   5.1961524e+01   1.9338243e+00
   4.8000000e+01   5.4559600e+01   1.8906288e+00
   4.9500000e+01   5.7157677e+01   1.9352229e+00
   4.8000000e+01   5.9755753e+01   1.8778230e+00
   4.9500000e+01   6.2353829e+01   1.9060902e+00
   4.8000000e+01   6.4951905e+01   1.8367686e+00
   4.9500000e+01   6.7549981e+01   1.8480242e+00
   4.8000000e+01   7.0148058e+01   1.7692353e+00
   4.9500000e+01   7.2746134e+01   1.7633280e+00
   4.8000000e+01   7.5344210e+01   1.6775663e+00
   4.9500000e+01   7.7942286e+01   1.6548776e+00
   4.8000000e+01   8.0540363e+01   1.5645680e+00
   4.9500000e+01   8.3138439e+01   1.5259916e+00
   4.8000000e+01   8.5736515e+01   1.4333971e+00
   4.9500000e+01   8.8334591e+01   1.3802985e+00
   4.8000000e+01   9.0932667e+01   1.2874350e+00
   4.9500000e+01   9.3530744e+01   1.2215874e+00
   4.8000000e+01   9.6128820e+01   1.1301328e+00
   4.9500000e+01   9.8726896e+01   1.0536192e+00
   5.2500000e+01   0.0000000e+00   5.3492689e-01
   5.1000000e+01   2.5980762e+00   6.4255167e-01
   5.2500000e+01   5.1961524e+00   7.4179026e-01
   5.1000000e+01   7.7942286e+00   8.4457829e-01
   5.2500000e+01   1.0392305e+01   9.4965658e-01
   5.1000000e+01   1.2990381e+01   1.0446140e+00
   5.2500000e+01   1.5588457e+01   1.1544646e+00
   5.1000000e+01   1.8186533e+01   1.2380803e+00
   5.2500000e+01   2.0784610e+01   1.3503945e+00
   5.1000000e+01   2.3382686e+01   1.4193537e+00
   5.2500000e+01   2.5980762e+01   1.5310880e+00
   5.1000000e+01   2.8578838e+01   1.5827305e+00
   5.2500000e+01   3.1176915e+01   1.6905625e+00
   5.1000000e+01   3.3774991e+01   1.7230780e+00
   5.2500000e+01   3.6373067e+01   1.8237098e+00
   5.1000000e+01   3.8971143e+01   1.8361894e+00
   5.2500000e+01   4.1569219e+01   1.9265421e+00
   5.1000000e+01   4.4167296e+01   1.9189578e+00
   5.2500000e+01   4.6765372e+01   1.9963061e+00
   5.1000000e+01   4.9363448e+01   1.9694428e+00
   5.2500000e+01   5.1961524e+01   2.0315174e+00
   5.1000000e+01   5.4559600e+01   1.9868660e+00
   5.2500000e+01   5.7157677e+01   2.0319326e+00
   5.1000000e+01   5.9755753e+01   1.9715494e+00
   5.2500000e+01   6.2353829e+01   1.9984621e+00
   5.1000000e+01   6.4951905e+01   1.9248077e+00
   5.2500000e+01   6.7549981e+01   1.9330357e+00
   5.1000000e+01   7.0148058e+01   1.8488106e+00
   5.2500000e+01   7.2746134e+01   1.8384371e+00
   5.1000000e+01   7.5344210e+01   1.7464309e+00
   5.2500000e+01   7.7942286e+01   1.7181283e+00
   5.1000000e+01   8.0540363e+01   1.6210925e+00
   5.2500000e+01   8.3138439e+01   1.5760802e+00
   5.1000000e+01   8.5736515e+01   1.4766220e+00
   5.2500000e+01   8.8334591e+01   1.4166115e+00
   5.1000000e+01   9.0932667e+01   1.3170990e+00
   5.2500000e+01   9.3530744e+01   1.2442224e+00
   5.1000000e+01   9.6128820e+01   1.1466817e+00
   5.2500000e+01   9.8726896e+01   1.0633882e+00
   5.5500000e+01   0.0000000e+00   5.2111743e-01
   5.4000000e+01   2.5980762e+00   6.3354896e-01
   5.5500000e+01   5.1961524e+00   7.3821201e-01
   5.4000000e+01   7.7942286e+00   8.4709420e-01
   5.5500000e+01   1.0392305e+01   9.5933870e-01
   5.4000000e+01   1.2990381e+01   1.0612238e+00
   5.5500000e+01   1.5588457e+01   1.1795970e+00
   5.4000000e+01   1.8186533e+01   1.2702822e+00
   5.5500000e+01   2.0784610e+01   1.3917831e+00
   5.4000000e+01   2.3382686e+01   1.4673799e+00
   5.5500000e+01   2.5980762e+01   1.5882819e+00
   5.4000000e+01   2.8578838e+01   1.6456971e+00
   5.5500000e+01   3.1176915e+01   1.7620934e+00
   5.4000000e+01   3.3774991e+01   1.7991907e+00
   5.5500000e+01   3.6373067e+01   1.9073066e+00
   5.4000000e+01   3.8971143e+01   1.9229348e+00
   5.5500000e+01   4.1569219e+01   2.0193150e+00
   5.4000000e+01   4.4167296e+01   2.0132827e+00
   5.5500000e+01   4.6765372e+01   2.0949260e+00
   5.4000000e+01   4.9363448e+01   2.0679411e+00
   5.5500000e+01   5.1961524e+01   2.1324103e+00
   5.4000000e+01   5.4559600e+01   2.0859802e+00
   5.5500000e+01   5.7157677e+01   2.1314887e+00
   5.4000000e+01   5.9755753e+01   2.0677798e+00
   5.5500000e+01   6.2353829e+01   2.0932457e+00
   5.4000000e+01   6.4951905e+01   2.0149112e+00
   5.5500000e+01   6.7549981e+01   2.0199712e+00
   5.4000000e+01   7.0148058e+01   1.9299682e+00
   5.5500000e+01   7.2746134e+01   1.9149547e+00
   5.4000000e+01   7.5344210e+01   1.8163730e+00
   5.5500000e+01   7.7942286e+01   1.7822626e+00
   5.4000000e+01   8.0540363e+01   1.6781793e+00
   5.5500000e+01   8.3138439e+01   1.6265277e+00
   5.4000000e+01   8.5736515e+01   1.5198913e+00
   5.5500000e+01   8.8334591e+01   1.4527626e+00
   5.4000000e+01   9.0932667e+01   1.3462937e+00
   5.5500000e+01   9.3530744e+01   1.2661854e+00
   5.4000000e+01   9.6128820e+01   1.1622679e+00
   5.5500000e+01   9.8726896e+01   1.0720083e+00
   5.8500000e+01   0.0000000e+00   5.0714404e-01
   5.7000000e+01   2.5980762e+00   6.2443759e-01
   5.8500000e+01   5.1961524e+00   7.3476710e-01
   5.7000000e+01   7.7942286e+00   8.5003529e-01
   5.8500000e+01   1.0392305e+01   9.7009466e-01
   5.7000000e+01   1.2990381e+01   1.0791698e+00
   5.8500000e+01   1.5588457e+01   1.2068084e+00
   5.7000000e+01   1.8186533e+01   1.3047067e+00
   5.8500000e+01   2.0784610e+01   1.4360622e+00
   5.7000000e+01   2.3382686e+01   1.5183254e+00
   5.8500000e+01   2.5980762e+01   1.6489300e+00
   5.7000000e+01   2.8578838e+01   1.7120590e+00
   5.8500000e+01   3.1176915e+01   1.8374188e+00
   5.7000000e+01   3.3774991e+01   1.8789727e+00
   5.8500000e+01   3.6373067e+01   1.9948513e+00
   5.7000000e+01   3.8971143e+01   2.0134466e+00
   5.8500000e+01   4.1569219e+01   2.1160273e+00
   5.7000000e+01   4.4167296e+01   2.1113137e+00
   5.8500000e+01   4.6765372e+01   2.1973295e+00
   5.7000000e+01   4.9363448e+01   2.1699433e+00
   5.8500000e+01   5.1961524e+01   2.2367972e+00
   5.7000000e+01   5.4559600e+01   2.1882731e+00
   5.8500000e+01   5.7157677e+01   2.2341365e+00
   5.7000000e+01   5.9755753e+01   2.1667662e+00
   5.8500000e+01   6.2353829e+01   2.1906352e+00
   5.7000000e+01   6.4951905e+01   2.1072809e+00
   5.8500000e+01   6.7549981e+01   2.1089785e+00
   5.7000000e+01   7.0148058e+01   2.0128665e+00
   5.8500000e+01   7.2746134e+01   1.9929941e+00
   5.7000000e+01   7.5344210e+01   1.8875191e+00
   5.8500000e+01   7.7942286e+01   1.8473755e+00
   5.7000000e+01   8.0540363e+01   1.7359378e+00
   5.8500000e+01   8.3138439e+01   1.6774266e+00
   5.7000000e+01   8.5736515e+01   1.5633084e+00
   5.8500000e+01   8.8334591e+01   1.4888519e+00
   5.7000000e+01   9.0932667e+01   1.3751206e+00
   5.8500000e+01   9.3530744e+01   1.2875828e+00
   5.7000000e+01   9.6128820e+01   1.1769869e+00
   5.8500000e+01   9.8726896e+01   1.0795830e+00
   6.1500000e+01   0.0000000e+00   4.9251380e-01
   6.0000000e+01   2.5980762e+00   6.1513281e-01
   6.1500000e+01   5.1961524e+00   7.3169277e-01
   6.0000000e+01   7.7942286e+00   8.5373302e-01
   6.1500000e+01   1.0392305e+01   9.8252635e-01
   6.0000000e+01   1.2990381e+01   1.0990122e+00
   6.1500000e+01   1.5588457e+01   1.2367936e+00
   6.0000000e+01   1.8186533e+01   1.3419712e+00
   6.1500000e+01   2.0784610e+01   1.4838835e+00
   6.0000000e+01   2.3382686e+01   1.5727703e+00
   6.1500000e+01   2.5980762e+01   1.7135877e+00
   6.0000000e+01   2.8578838e+01   1.7823247e+00
   6.1500000e+01   3.1176915e+01   1.9169956e+00
   6.0000000e+01   3.3774991e+01   1.9628612e+00
   6.1500000e+01   3.6373067e+01   2.0867208e+00
   6.0000000e+01   3.8971143e+01   2.1081028e+00
   6.1500000e+01   4.1569219e+01   2.2169950e+00
   6.0000000e+01   4.4167296e+01   2.2133792e+00
   6.1500000e+01   4.6765372e+01   2.3037823e+00
   6.0000000e+01   4.9363448e+01   2.2757316e+00
   6.1500000e+01   5.1961524e+01   2.3448952e+00
   6.0000000e+01   5.4559600e+01   2.2939782e+00
   6.1500000e+01   5.7157677e+01   2.3400415e+00
   6.0000000e+01   5.9755753e+01   2.2686908e+00
   6.1500000e+01   6.2353829e+01   2.2907455e+00
   6.0000000e+01   6.4951905e+01   2.2020504e+00
   6.1500000e+01   6.7549981e+01   2.2001298e+00
   6.0000000e+01   7.0148058e+01   2.0976004e+00
   6.1500000e+01   7.2746134e+01   2.0726011e+00
   6.0000000e+01   7.5344210e+01   1.9599428e+00
   6.1500000e+01   7.7942286e+01   1.9135083e+00
   6.0000000e+01   8.0540363e+01   1.7944394e+00
   6.1500000e+01   8.3138439e+01   1.7288362e+00
   6.0000000e+01   8.5736515e+01   1.6069594e+00
   6.1500000e+01   8.8334591e+01   1.5249720e+00
   6.0000000e+01   9.0932667e+01   1.4036869e+00
   6.1500000e+01   9.3530744e+01   1.3085407e+00
   6.0000000e+01   9.6128820e+01   1.1909591e+00
   6.1500000e+01   9.8726896e+01   1.0862542e+00
   6.4500000e+01   0.0000000e+00   4.7807584e-01
   6.3000000e+01   2.5980762e+00   6.0576224e-01
   6.4500000e+01   5.1961524e+00   7.2988309e-01
   6.3000000e+01   7.7942286e+00   8.5886426e-01
   6.4500000e+01   1.0392305e+01   9.9760116e-01
   6.3000000e+01   1.2990381e+01   1.1215553e+00
   6.4500000e+01   1.5588457e+01   1.2704567e+00
   6.3000000e+01   1.8186533e+01   1.3828316e+00
   6.4500000e+01   2.0784610e+01   1.5359843e+00
   6.3000000e+01   2.3382686e+01   1.6313430e+00
   6.4500000e+01   2.5980762e+01   1.7828082e+00
   6.3000000e+01   2.8578838e+01   1.8569873e+00
   6.4500000e+01   3.1176915e+01   2.0012254e+00
   6.3000000e+01   3.3774991e+01   2.0512392e+00
   6.4500000e+01   3.6373067e+01   2.1832092e+00
   6.3000000e+01   3.8971143e+01   2.2072068e+00
   6.4500000e+01   4.1569219e+01   2.3224396e+00
   6.3000000e+01   4.4167296e+01   2.3197246e+00
   6.4500000e+01   4.6765372e+01   2.4144517e+00
   6.3000000e+01   4.9363448e+01   2.3855010e+00
   6.4500000e+01   5.1961524e+01   2.4568211e+00
   6.3000000e+01   5.4559600e+01   2.4032398e+00
   6.4500000e+01   5.7157677e+01   2.4492686e+00
   6.3000000e+01   5.9755753e+01   2.3736456e+00
   6.4500000e+01   6.2353829e+01   2.3935908e+00
   6.3000000e+01   6.4951905e+01   2.2992647e+00
   6.4500000e+01   6.7549981e+01   2.2934001e+00
   6.3000000e+01   7.0148058e+01   2.1841825e+00
   6.4500000e+01   7.2746134e+01   2.1537340e+00
   6.3000000e+01   7.5344210e+01   2.0336471e+00
   6.4500000e+01   7.7942286e+01   1.9806319e+00
   6.3000000e+01   8.0540363e+01   1.8537046e+00
   6.4500000e+01   8.3138439e+01   1.7807703e+00
   6.3000000e+01   8.5736515e+01   1.6509056e+00
   6.4500000e+01   8.8334591e+01   1.5612029e+00
   6.3000000e+01   9.0932667e+01   1.4321064e+00
   6.4500000e+01   9.3530744e+01   1.3292113e+00
   6.3000000e+01   9.6128820e+01   1.2043416e+00
   6.4500000e+01   9.8726896e+01   1.0922218e+00
   6.7500000e+01   0.0000000e+00   4.6609768e-01
   6.6000000e+01   2.5980762e+00   5.9792216e-01
   6.7500000e+01   5.1961524e+00   7.3098147e-01
   6.6000000e+01   7.7942286e+00   8.6665946e-01
   6.7500000e+01   1.0392305e+01   1.0167195e+00
   6.6000000e+01   1.2990381e+01   1.1479125e+00
   6.7500000e+01   1.5588457e+01   1.3089188e+00
   6.6000000e+01   1.8186533e+01   1.4281839e+00
   6.7500000e+01   2.0784610e+01   1.5931561e+00
   6.6000000e+01   2.3382686e+01   1.6946919e+00
   6.7500000e+01   2.5980762e+01   1.8570980e+00
   6.6000000e+01   2.8578838e+01   1.9364865e+00
   6.7500000e+01   3.1176915e+01   2.0904102e+00
   6.6000000e+01   3.3774991e+01   2.1443985e+00
   6.7500000e+01   3.6373067e+01   2.2844884e+00
   6.6000000e+01   3.8971143e+01   2.3109550e+00
   6.7500000e+01   4.1569219e+01   2.4324548e+00
   6.6000000e+01   4.4167296e+01   2.4304832e+00
   6.7500000e+01   4.6765372e+01   2.5293778e+00
   6.6000000e+01   4.9363448e+01   2.4993342e+00
   6.7500000e+01   5.1961524e+01   2.5725666e+00
   6.6000000e+01   5.4559600e+01   2.5160896e+00
   6.7500000e+01   5.7157677e+01   2.5617574e+00
   6.6000000e+01   5.9755753e+01   2.4816100e+00
   6.7500000e+01   6.2353829e+01   2.4990609e+00
   6.6000000e+01   6.4951905e+01   2.3988580e+00
   6.7500000e+01   6.7549981e+01   2.3886448e+00
   6.6000000e+01   7.0148058e+01   2.2725214e+00
   6.7500000e+01   7.2746134e+01   2.2362418e+00
   6.6000000e+01   7.5344210e+01   2.1085451e+00
   6.7500000e+01   7.7942286e+01   2.0486266e+00
   6.6000000e+01   8.0540363e+01   1.9136857e+00
   6.7500000e+01   8.3138439e+01   1.8331803e+00
   6.6000000e+01   8.5736515e+01   1.6951718e+00
   6.7500000e+01   8.8334591e+01   1.5976021e+00
   6.6000000e+01   9.0932667e+01   1.4604984e+00
   6.7500000e+01   9.3530744e+01   1.3497760e+00
   6.6000000e+01   9.6128820e+01   1.2173426e+00
   6.7500000e+01   9.8726896e+01   1.0977683e+00
   7.0500000e+01   0.0000000e+00   4.5851947e-01
   6.9000000e+01   2.5980762e+00   5.9359343e-01
   7.0500000e+01   5.1961524e+00   7.3706105e-01
   6.9000000e+01   7.7942286e+00   8.7887565e-01
   7.0500000e+01   1.0392305e+01   1.0416986e+00
   6.9000000e+01   1.2990381e+01   1.1795108e+00
   7.0500000e+01   1.5588457e+01   1.3534672e+00
   6.9000000e+01   1.8186533e+01   1.4790264e+00
   7.0500000e+01   2.0784610e+01   1.6561718e+00
   6.9000000e+01   2.3382686e+01   1.7634298e+00
   7.0500000e+01   2.5980762e+01   1.9368477e+00
   6.9000000e+01   2.8578838e+01   2.0211543e+00
   7.0500000e+01   3.1176915e+01   2.1846934e+00
   6.9000000e+01   3.3774991e+01   2.2424915e+00
   7.0500000e+01   3.6373067e+01   2.3905606e+00
   6.9000000e+01   3.8971143e+01   2.4193964e+00
   7.0500000e+01   4.1569219e+01   2.5469678e+00
   6.9000000e+01   4.4167296e+01   2.5456437e+00
   7.0500000e+01   4.6765372e+01   2.6484432e+00
   6.9000000e+01   4.9363448e+01   2.6171740e+00
   7.0500000e+01   5.1961524e+01   2.6919712e+00
   6.9000000e+01   5.4559600e+01   2.6324214e+00
   7.0500000e+01   5.7157677e+01   2.6772972e+00
   6.9000000e+01   5.9755753e+01   2.5924261e+00
   7.0500000e+01   6.2353829e+01   2.6068959e+00
   6.9000000e+01   6.4951905e+01   2.5006290e+00
   7.0500000e+01   6.7549981e+01   2.4855733e+00
   6.9000000e+01   7.0148058e+01   2.3623979e+00
   7.0500000e+01   7.2746134e+01   2.3198395e+00
   6.9000000e+01   7.5344210e+01   2.1844371e+00
   7.0500000e+01   7.7942286e+01   2.1172585e+00
   6.9000000e+01   8.0540363e+01   1.9742465e+00
   7.0500000e+01   8.3138439e+01   1.8859329e+00
   6.9000000e+01   8.5736515e+01   1.7397293e+00
   7.0500000e+01   8.8334591e+01   1.6341857e+00
   6.9000000e+01   9.0932667e+01   1.4889784e+00
   7.0500000e+01   9.3530744e+01   1.3704395e+00
   6.9000000e+01   9.6128820e+01   1.2302330e+00
   7.0500000e+01   9.8726896e+01   1.1032850e+00
   7.3500000e+01   0.0000000e+00   4.5771358e-01
   7.2000000e+01   2.5980762e+00   5.9496925e-01
   7.3500000e+01   5.1961524e+00   7.5077977e-01
   7.2000000e+01   7.7942286e+00   8.9776717e-01
   7.3500000e+01   1.0392305e+01   1.0747313e+00
   7.2000000e+01   1.2990381e+01   1.2180295e+00
   7.3500000e+01   1.5588457e+01   1.4054282e+00
   7.2000000e+01   1.8186533e+01   1.5363628e+00
   7.3500000e+01   2.0784610e+01   1.7256659e+00
   7.2000000e+01   2.3382686e+01   1.8380445e+00
   7.3500000e+01   2.5980762e+01   2.0222384e+00
   7.2000000e+01   2.8578838e+01   2.1111415e+00
   7.3500000e+01   3.1176915e+01   2.2839900e+00
   7.2000000e+01   3.3774991e+01   2.3454743e+00
   7.3500000e+01   3.6373067e+01   2.5012040e+00
   7.2000000e+01   3.8971143e+01   2.5323877e+00
   7.3500000e+01   4.1569219e+01   2.6656985e+00
   7.2000000e+01   4.4167296e+01   2.6650146e+00
   7.3500000e+01   4.6765372e+01   2.7713388e+00
   7.2000000e+01   4.9363448e+01   2.7387932e+00
   7.3500000e+01   5.1961524e+01   2.8146931e+00
   7.2000000e+01   5.4559600e+01   2.7519645e+00
   7.3500000e+01   5.7157677e+01   2.7954986e+00
   7.2000000e+01   5.9755753e+01   2.7057716e+00
   7.3500000e+01   6.2353829e+01   2.7166575e+00
   7.2000000e+01   6.4951905e+01   2.6042146e+00
   7.3500000e+01   6.7549981e+01   2.5837220e+00
   7.2000000e+01   7.0148058e+01   2.4534386e+00
   7.3500000e+01   7.2746134e+01   2.4040818e+00
   7.2000000e+01   7.5344210e+01   2.2609855e+00
   7.3500000e+01   7.7942286e+01   2.1861546e+00
   7.2000000e+01   8.0540363e+01   2.0351375e+00
   7.3500000e+01   8.3138439e+01   1.9387840e+00
   7.2000000e+01   8.5736515e+01   1.7844711e+00
   7.3500000e+01   8.8334591e+01   1.6708987e+00
   7.2000000e+01   9.0932667e+01   1.5176370e+00
   7.3500000e+01   9.3530744e+01   1.3914033e+00
   7.2000000e+01   9.6128820e+01   1.2433453e+00
   7.3500000e+01   9.8726896e+01   1.1092832e+00
   7.6500000e+01   0.0000000e+00   4.6710588e-01
   7.5000000e+01   2.5980762e+00   6.0503002e-01
   7.6500000e+01   5.1961524e+00   7.7588384e-01
   7.5000000e+01   7.7942286e+00   9.2619290e-01
   7.6500000e+01   1.0392305e+01   1.1182220e+00
   7.5000000e+01   1.2990381e+01   1.2652410e+00
   7.6500000e+01   1.5588457e+01   1.4659287e+00
   7.5000000e+01   1.8186533e+01   1.6010355e+00
   7.6500000e+01   2.0784610e+01   1.8019663e+00
   7.5000000e+01   2.3382686e+01   1.9187755e+00
   7.6500000e+01   2.5980762e+01   2.1131318e+00
   7.5000000e+01   2.8578838e+01   2.2063311e+00
   7.6500000e+01   3.1176915e+01   2.3879090e+00
   7.5000000e+01   3.3774991e+01   2.4530418e+00
   7.6500000e+01   3.6373067e+01   2.6159156e+00
   7.5000000e+01   3.8971143e+01   2.6495445e+00
   7.6500000e+01   4.1569219e+01   2.7881143e+00
   7.5000000e+01   4.4167296e+01   2.7881861e+00
   7.6500000e+01   4.6765372e+01   2.8975296e+00
   7.5000000e+01   4.9363448e+01   2.8637639e+00
   7.6500000e+01   5.1961524e+01   2.9401790e+00
   7.5000000e+01   5.4559600e+01   2.8742540e+00
   7.6500000e+01   5.7157677e+01   2.9157634e+00
   7.5000000e+01   5.9755753e+01   2.8211308e+00
   7.6500000e+01   6.2353829e+01   2.8276982e+00
   7.5000000e+01   6.4951905e+01   2.7090593e+00
   7.6500000e+01   6.7549981e+01   2.6824235e+00
   7.5000000e+01   7.0148058e+01   2.5450875e+00
   7.6500000e+01   7.2746134e+01   2.4883349e+00
   7.5000000e+01   7.5344210e+01   2.3376884e+00
   7.6500000e+01   7.7942286e+01   2.2547760e+00
   7.5000000e+01   8.0540363e+01   2.0959696e+00
   7.6500000e+01   8.3138439e+01   1.9913496e+00
   7.5000000e+01   8.5736515e+01   1.8291808e+00
   7.6500000e+01   8.8334591e+01   1.7075747e+00
   7.5000000e+01   9.0932667e+01   1.5465002e+00
   7.6500000e+01   9.3530744e+01   1.4128062e+00
   7.5000000e+01   9.6128820e+01   1.2570389e+00
   7.6500000e+01   9.8726896e+01   1.1163475e+00
   7.9500000e+01   0.0000000e+00   4.9301497e-01
   7.8000000e+01   2.5980762e+00   6.2867803e-01
   7.9500000e+01   5.1961524e+00   8.1744911e-01
   7.8000000e+01   7.7942286e+00   9.6752666e-01
   7.9500000e+01   1.0392305e+01   1.1741985e+00
   7.8000000e+01   1.2990381e+01   1.3226542e+00
   7.9500000e+01   1.5588457e+01   1.5355335e+00
   7.8000000e+01   1.8186533e+01   1.6734869e+00
   7.9500000e+01   2.0784610e+01   1.8849020e+00
   7.8000000e+01   2.3382686e+01   2.0054707e+00
   7.9500000e+01   2.5980762e+01   2.2089576e+00
   7.8000000e+01   2.8578838e+01   2.3062449e+00
   7.9500000e+01   3.1176915e+01   2.4956771e+00
   7.8000000e+01   3.3774991e+01   2.5645606e+00
   7.9500000e+01   3.6373067e+01   2.7338533e+00
   7.8000000e+01   3.8971143e+01   2.7701895e+00
   7.9500000e+01   4.1569219e+01   2.9133855e+00
   7.8000000e+01   4.4167296e+01   2.9144902e+00
   7.9500000e+01   4.6765372e+01   3.0262184e+00
   7.8000000e+01   4.9363448e+01   2.9914244e+00
   7.9500000e+01   5.1961524e+01   3.0676317e+00
   7.8000000e+01   5.4559600e+01   2.9986004e+00
   7.9500000e+01   5.7157677e+01   3.0372517e+00
   7.8000000e+01   5.9755753e+01   2.9377621e+00
   7.9500000e+01   6.2353829e+01   2.9391270e+00
   7.8000000e+01   6.4951905e+01   2.8143841e+00
   7.9500000e+01   6.7549981e+01   2.7807745e+00
   7.8000000e+01   7.0148058e+01   2.6365770e+00
   7.9500000e+01   7.2746134e+01   2.5717494e+00
   7.8000000e+01   7.5344210e+01   2.4138536e+00
   7.9500000e+01   7.7942286e+01   2.3223946e+00
   7.8000000e+01   8.0540363e+01   2.1561882e+00
   7.9500000e+01   8.3138439e+01   2.0430786e+00
   7.8000000e+01   8.5736515e+01   1.8734983e+00
   7.9500000e+01   8.8334591e+01   1.7438914e+00
   7.8000000e+01   9.0932667e+01   1.5754708e+00
   7.9500000e+01   9.3530744e+01   1.4346327e+00
   7.8000000e+01   9.6128820e+01   1.2716028e+00
   7.9500000e+01   9.8726896e+01   1.1249601e+00
   8.2500000e+01   0.0000000e+00   5.5016804e-01
   8.1000000e+01   2.5980762e+00   6.7457870e-01
   8.2500000e+01   5.1961524e+00   8.7896843e-01
   8.1000000e+01   7.7942286e+00   1.0245022e+00
   8.2500000e+01   1.0392305e+01   1.2431926e+00
   8.1000000e+01   1.2990381e+01   1.3909143e+00
   8.2500000e+01   1.5588457e+01   1.6138524e+00
   8.1000000e+01   1.8186533e+01   1.7534899e+00
   8.2500000e+01   2.0784610e+01   1.9736363e+00
   8.1000000e+01   2.3382686e+01   2.0974502e+00
   8.2500000e+01   2.5980762e+01   2.3086224e+00
   8.1000000e+01   2.8578838e+01   2.4099587e+00
   8.2500000e+01   3.1176915e+01   2.6060734e+00
   8.1000000e+01   3.3774991e+01   2.6790063e+00
   8.2500000e+01   3.6373067e+01   2.8537802e+00
   8.1000000e+01   3.8971143e+01   2.8933020e+00
   8.2500000e+01   4.1569219e+01   3.0403387e+00
   8.1000000e+01   4.4167296e+01   3.0429602e+00
   8.2500000e+01   4.6765372e+01   3.1563079e+00
   8.1000000e+01   4.9363448e+01   3.1208451e+00
   8.2500000e+01   5.1961524e+01   3.1959756e+00
   8.1000000e+01   5.4559600e+01   3.1240550e+00
   8.2500000e+01   5.7157677e+01   3.1588441e+00
   8.1000000e+01   5.9755753e+01   3.0546622e+00
   8.2500000e+01   6.2353829e+01   3.0497702e+00
   8.1000000e+01   6.4951905e+01   2.9191500e+00
   8.2500000e+01   6.7549981e+01   2.8776021e+00
   8.1000000e+01   7.0148058e+01   2.7268971e+00
   8.2500000e+01   7.2746134e+01   2.6532355e+00
   8.1000000e+01   7.5344210e+01   2.4885751e+00
   8.2500000e+01   7.7942286e+01   2.3880754e+00
   8.1000000e+01   8.0540363e+01   2.2150522e+00
   8.2500000e+01   8.3138439e+01   2.0932368e+00
   8.1000000e+01   8.5736515e+01   1.9168911e+00
   8.2500000e+01   8.8334591e+01   1.7793375e+00
   8.1000000e+01   9.0932667e+01   1.6042661e+00
   8.2500000e+01   9.3530744e+01   1.4566177e+00
   8.1000000e+01   9.6128820e+01   1.2870961e+00
   8.2500000e+01   9.8726896e+01   1.1352004e+00
   8.5500000e+01   0.0000000e+00   6.2717355e-01
   8.4000000e+01   2.5980762e+00   7.4474952e-01
   8.5500000e+01   5.1961524e+00   9.5718292e-01
   8.4000000e+01   7.7942286e+00   1.0968523e+00
   8.5500000e+01   1.0392305e+01   1.3234167e+00
   8.4000000e+01   1.2990381e+01   1.4692130e+00
   8.5500000e+01   1.5588457e+01   1.6993314e+00
   8.4000000e+01   1.8186533e+01   1.8399482e+00
   8.5500000e+01   2.0784610e+01   2.0665880e+00
   8.4000000e+01   2.3382686e+01   2.1934133e+00
   8.5500000e+01   2.5980762e+01   2.4104628e+00
   8.4000000e+01   2.8578838e+01   2.5160415e+00
   8.5500000e+01   3.1176915e+01   2.7173849e+00
   8.4000000e+01   3.3774991e+01   2.7949087e+00
   8.5500000e+01   3.6373067e+01   2.9740162e+00
   8.4000000e+01   3.8971143e+01   3.0174675e+00
   8.5500000e+01   4.1569219e+01   3.1674092e+00
   8.4000000e+01   4.4167296e+01   3.1722879e+00
   8.5500000e+01   4.6765372e+01   3.2863608e+00
   8.4000000e+01   4.9363448e+01   3.2507920e+00
   8.5500000e+01   5.1961524e+01   3.3238181e+00
   8.4000000e+01   5.4559600e+01   3.2493727e+00
   8.5500000e+01   5.7157677e+01   3.2790974e+00
   8.4000000e+01   5.9755753e+01   3.1705234e+00
   8.5500000e+01   6.2353829e+01   3.1581268e+00
   8.4000000e+01   6.4951905e+01   3.0220198e+00
   8.5500000e+01   6.7549981e+01   2.9714281e+00
   8.4000000e+01   7.0148058e+01   2.8147672e+00
   8.5500000e+01   7.2746134e+01   2.7314420e+00
   8.4000000e+01   7.5344210e+01   2.5607158e+00
   8.5500000e+01   7.7942286e+01   2.4506692e+00
   8.4000000e+01   8.0540363e+01   2.2716245e+00
   8.5500000e+01   8.3138439e+01   2.1409057e+00
   8.4000000e+01   8.5736515e+01   1.9586418e+00
   8.5500000e+01   8.8334591e+01   1.8132089e+00
   8.4000000e+01   9.0932667e+01   1.6323793e+00
   8.5500000e+01   9.3530744e+01   1.4782108e+00
   8.4000000e+01   9.6128820e+01   1.3032045e+00
   8.5500000e+01   9.8726896e+01   1.1465495e+00
   8.8500000e+01   0.0000000e+00   7.1337162e-01
   8.7000000e+01   2.5980762e+00   8.2889655e-01
   8.8500000e+01   5.1961524e+00   1.0452819e+00
   8.7000000e+01   7.7942286e+00   1.1807569e+00
   8.8500000e+01   1.0392305e+01   1.4112503e+00
   8.7000000e+01   1.2990381e+01   1.5551963e+00
   8.8500000e+01   1.5588457e+01   1.7893865e+00
   8.7000000e+01   1.8186533e+01   1.9308734e+00
   8.8500000e+01   2.0784610e+01   2.1614814e+00
   8.7000000e+01   2.3382686e+01   2.2914241e+00
   8.8500000e+01   2.5980762e+01   2.5122563e+00
   8.7000000e+01   2.8578838e+01   2.6225304e+00
   8.8500000e+01   3.1176915e+01   2.8273860e+00
   8.7000000e+01   3.3774991e+01   2.9103122e+00
   8.8500000e+01   3.6373067e+01   3.0923931e+00
   8.7000000e+01   3.8971143e+01   3.1408279e+00
   8.8500000e+01   4.1569219e+01   3.2925880e+00
   8.7000000e+01   4.4167296e+01   3.3007771e+00
   8.8500000e+01   4.6765372e+01   3.4145531e+00
   8.7000000e+01   4.9363448e+01   3.3796863e+00
   8.8500000e+01   5.1961524e+01   3.4494039e+00
   8.7000000e+01   5.4559600e+01   3.3729665e+00
   8.8500000e+01   5.7157677e+01   3.3961904e+00
   8.7000000e+01   5.9755753e+01   3.2836834e+00
   8.8500000e+01   6.2353829e+01   3.2623143e+00
   8.7000000e+01   6.4951905e+01   3.1213134e+00
   8.8500000e+01   6.7549981e+01   3.0604336e+00
   8.7000000e+01   7.0148058e+01   2.8986088e+00
   8.8500000e+01   7.2746134e+01   2.8047438e+00
   8.7000000e+01   7.5344210e+01   2.6288984e+00
   8.8500000e+01   7.7942286e+01   2.5088182e+00
   8.7000000e+01   8.0540363e+01   2.3247764e+00
   8.8500000e+01   8.3138439e+01   2.1850028e+00
   8.7000000e+01   8.5736515e+01   1.9978615e+00
   8.8500000e+01   8.8334591e+01   1.8446446e+00
   8.7000000e+01   9.0932667e+01   1.6590958e+00
   8.8500000e+01   9.3530744e+01   1.4986403e+00
   8.7000000e+01   9.6128820e+01   1.3192402e+00
   8.8500000e+01   9.8726896e+01   1.1580462e+00
   9.1500000e+01   0.0000000e+00   8.0340315e-01
   9.0000000e+01   2.5980762e+00   9.1948419e-01
   9.1500000e+01   5.1961524e+00   1.1374760e+00
   9.0000000e+01   7.7942286e+00   1.2710856e+00
   9.1500000e+01   1.0392305e+01   1.5024508e+00
   9.0000000e+01   1.2990381e+01   1.6454782e+00
   9.1500000e+01   1.5588457e+01   1.8807940e+00
   9.0000000e+01   1.8186533e+01   2.0235583e+00
   9.1500000e+01   2.0784610e+01   2.2555056e+00
   9.0000000e+01   2.3382686e+01   2.3889803e+00
   9.1500000e+01   2.5980762e+01   2.6112894e+00
   9.0000000e+01   2.8578838e+01   2.7269468e+00
   9.1500000e+01   3.1176915e+01   2.9333486e+00
   9.0000000e+01   3.3774991e+01   3.0227499e+00
   9.1500000e+01   3.6373067e+01   3.2062148e+00
   9.0000000e+01   3.8971143e+01   3.2610279e+00
   9.1500000e+01   4.1569219e+01   3.4133572e+00
   9.0000000e+01   4.4167296e+01   3.4262876e+00
   9.1500000e+01   4.6765372e+01   3.5386148e+00
   9.0000000e+01   4.9363448e+01   3.5055547e+00
   9.1500000e+01   5.1961524e+01   3.5705556e+00
   9.0000000e+01   5.4559600e+01   3.4928500e+00
   9.1500000e+01   5.7157677e+01   3.5078489e+00
   9.0000000e+01   5.9755753e+01   3.3920609e+00
   9.1500000e+01   6.2353829e+01   3.3600043e+00
   9.0000000e+01   6.4951905e+01   3.2149604e+00
   9.1500000e+01   6.7549981e+01   3.1424266e+00
   9.0000000e+01   7.0148058e+01   2.9765256e+00
   9.1500000e+01   7.2746134e+01   2.8712415e+00
   9.0000000e+01   7.5344210e+01   2.6915102e+00
   9.1500000e+01   7.7942286e+01   2.5609779e+00
   9.0000000e+01   8.0540363e+01   2.3732099e+00
   9.1500000e+01   8.3138439e+01   2.2243222e+00
   9.0000000e+01   8.5736515e+01   2.0335308e+00
   9.1500000e+01   8.8334591e+01   1.8726957e+00
   9.0000000e+01   9.0932667e+01   1.6835680e+00
   9.1500000e+01   9.3530744e+01   1.5170539e+00
   9.0000000e+01   9.6128820e+01   1.3343152e+00
   9.1500000e+01   9.8726896e+01   1.1686579e+00
   9.4500000e+01   0.0000000e+00   8.9345649e-01
   9.3000000e+01   2.5980762e+00   1.0117009e+00
   9.4500000e+01   5.1961524e+00   1.2294087e+00
   9.3000000e+01   7.7942286e+00   1.3631308e+00
   9.4500000e+01   1.0392305e+01   1.5929831e+00
   9.3000000e+01   1.2990381e+01   1.7363235e+00
   9.4500000e+01   1.5588457e+01   1.9701125e+00
   9.3000000e+01   1.8186533e+01   2.1148622e+00
   9.4500000e+01   2.0784610e+01   2.3455307e+00
   9.3000000e+01   2.3382686e+01   2.4831504e+00
   9.4500000e+01   2.5980762e+01   2.7044727e+00
   9.3000000e+01   2.8578838e+01   2.8263536e+00
   9.4500000e+01   3.1176915e+01   3.0320811e+00
   9.3000000e+01   3.3774991e+01   3.1292354e+00
   9.4500000e+01   3.6373067e+01   3.3122208e+00
   9.3000000e+01   3.8971143e+01   3.3751534e+00
   9.4500000e+01   4.1569219e+01   3.5265998e+00
   9.3000000e+01   4.4167296e+01   3.5461583e+00
   9.4500000e+01   4.6765372e+01   3.6557446e+00
   9.3000000e+01   4.9363448e+01   3.6259643e+00
   9.4500000e+01   5.1961524e+01   3.6845901e+00
   9.3000000e+01   5.4559600e+01   3.6065576e+00
   9.4500000e+01   5.7157677e+01   3.6112423e+00
   9.3000000e+01   5.9755753e+01   3.4930710e+00
   9.4500000e+01   6.2353829e+01   3.4483448e+00
   9.3000000e+01   6.4951905e+01   3.3004489e+00
   9.4500000e+01   6.7549981e+01   3.2148211e+00
   9.3000000e+01   7.0148058e+01   3.0462956e+00
   9.4500000e+01   7.2746134e+01   2.9287816e+00
   9.3000000e+01   7.5344210e+01   2.7467235e+00
   9.4500000e+01   7.7942286e+01   2.6054572e+00
   9.3000000e+01   8.0540363e+01   2.4154965e+00
   9.4500000e+01   8.3138439e+01   2.2575886e+00
   9.3000000e+01   8.5736515e+01   2.0645598e+00
   9.4500000e+01   8.8334591e+01   1.8964094e+00
   9.3000000e+01   9.0932667e+01   1.7049240e+00
   9.4500000e+01   9.3530744e+01   1.5326740e+00
   9.3000000e+01   9.6128820e+01   1.3475738e+00
   9.4500000e+01   9.8726896e+01   1.1775794e+00
   9.7500000e+01   0.0000000e+00   9.8055870e-01
   9.6000000e+01   2.5980762e+00   1.1019952e+00
   9.7500000e+01   5.1961524e+00   1.3176941e+00
   9.6000000e+01   7.7942286e+00   1.4529880e+00
   9.7500000e+01   1.0392305e+01   1.6793109e+00
   9.6000000e+01   1.2990381e+01   1.8241207e+00
   9.7500000e+01   1.5588457e+01   2.0539935e+00
   9.6000000e+01   1.8186533e+01   2.2015003e+00
   9.7500000e+01   2.0784610e+01   2.4283275e+00
   9.6000000e+01   2.3382686e+01   2.5707463e+00
   9.7500000e+01   2.5980762e+01   2.7884901e+00
   9.6000000e+01   2.8578838e+01   2.9174517e+00
   9.7500000e+01   3.1176915e+01   3.1200071e+00
   9.6000000e+01   3.3774991e+01   3.2262769e+00
   9.7500000e+01   3.6373067e+01   3.4065608e+00
   9.6000000e+01   3.8971143e+01   3.4796538e+00
   9.7500000e+01   4.1569219e+01   3.6284700e+00
   9.6000000e+01   4.4167296e+01   3.6570917e+00
   9.7500000e+01   4.6765372e+01   3.7624752e+00
   9.6000000e+01   4.9363448e+01   3.7379257e+00
   9.7500000e+01   5.1961524e+01   3.7881883e+00
   9.6000000e+01   5.4559600e+01   3.7110247e+00
   9.7500000e+01   5.7157677e+01   3.7028254e+00
   9.6000000e+01   5.9755753e+01   3.5835115e+00
   9.7500000e+01   6.2353829e+01   3.5238781e+00
   9.6000000e+01   6.4951905e+01   3.3747820e+00
   9.7500000e+01   6.7549981e+01   3.2746449e+00
   9.6000000e+01   7.0148058e+01   3.1053878e+00
   9.7500000e+01   7.2746134e+01   2.9750067e+00
   9.6000000e+01   7.5344210e+01   2.7925400e+00
   9.7500000e+01   7.7942286e+01   2.6404786e+00
   9.6000000e+01   8.0540363e+01   2.4501315e+00
   9.7500000e+01   8.3138439e+01   2.2835196e+00
   9.6000000e+01   8.5736515e+01   2.0898561e+00
   9.7500000e+01   8.8334591e+01   1.9149050e+00
   9.6000000e+01   9.0932667e+01   1.7223738e+00
   9.7500000e+01   9.3530744e+01   1.5449158e+00
   9.6000000e+01   9.6128820e+01   1.3583777e+00
   9.7500000e+01   9.8726896e+01   1.1843925e+00
   1.0050000e+02   0.0000000e+00   1.0623049e+00
   9.9000000e+01   2.5980762e+00   1.1875581e+00
   1.0050000e+02   5.1961524e+00   1.3996174e+00
   9.9000000e+01   7.7942286e+00   1.5374634e+00
   1.0050000e+02   1.0392305e+01   1.7584351e+00
   9.9000000e+01   1.2990381e+01   1.9056084e+00
   1.0050000e+02   1.5588457e+01   2.1293699e+00
   9.9000000e+01   1.8186533e+01   2.2802752e+00
   1.0050000e+02   2.0784610e+01   2.5007650e+00
   9.9000000e+01   2.3382686e+01   2.6485111e+00
   1.0050000e+02   2.5980762e+01   2.8599778e+00
   9.9000000e+01   2.8578838e+01   2.9967186e+00
   1.0050000e+02   3.1176915e+01   3.1933027e+00
   9.9000000e+01   3.3774991e+01   3.3099330e+00
   1.0050000e+02   3.6373067e+01   3.4848122e+00
   9.9000000e+01   3.8971143e+01   3.5702539e+00
   1.0050000e+02   4.1569219e+01   3.7142049e+00
   9.9000000e+01   4.4167296e+01   3.7549636e+00
   1.0050000e+02   4.6765372e+01   3.8544330e+00
   9.9000000e+01   4.9363448e+01   3.8377370e+00
   1.0050000e+02   5.1961524e+01   3.8771711e+00
   9.9000000e+01   5.4559600e+01   3.8023893e+00
   1.0050000e+02   5.7157677e+01   3.7780972e+00
   9.9000000e+01   5.9755753e+01   3.6594163e+00
   1.0050000e+02   6.2353829e+01   3.5824823e+00
   9.9000000e+01   6.4951905e+01   3.4344657e+00
   1.0050000e+02   6.7549981e+01   3.3186094e+00
   9.9000000e+01   7.0148058e+01   3.1510220e+00
   1.0050000e+02   7.2746134e+01   3.0074522e+00
   9.9000000e+01   7.5344210e+01   2.8268644e+00
   1.0050000e+02   7.7942286e+01   2.6642600e+00
   9.9000000e+01   8.0540363e+01   2.4756003e+00
   1.0050000e+02   8.3138439e+01   2.3008874e+00
   9.9000000e+01   8.5736515e+01   2.1083871e+00
   1.0050000e+02   8.8334591e+01   1.9274264e+00
   9.9000000e+01   9.0932667e+01   1.7352854e+00
   1.0050000e+02   9.3530744e+01   1.5534494e+00
   9.9000000e+01   9.6128820e+01   1.3664137e+00
   1.0050000e+02   9.8726896e+01   1.1891401e+00
   1.0350000e+02   0.0000000e+00   1.1367314e+00
   1.0200000e+02   2.5980762e+00   1.2661111e+00
   1.0350000e+02   5.1961524e+00   1.4729810e+00
   1.0200000e+02   7.7942286e+00   1.6139470e+00
   1.0350000e+02   1.0392305e+01   1.8278677e+00
   1.0200000e+02   1.2990381e+01   1.9779619e+00
   1.0350000e+02   1.5588457e+01   2.1935650e+00
   1.0200000e+02   1.8186533e+01   2.3482490e+00
   1.0350000e+02   2.0784610e+01   2.5599832e+00
   1.0200000e+02   2.3382686e+01   2.7133097e+00
   1.0350000e+02   2.5980762e+01   2.9157333e+00
   1.0200000e+02   2.8578838e+01   3.0606001e+00
   1.0350000e+02   3.1176915e+01   3.2481231e+00
   1.0200000e+02   3.3774991e+01   3.3759531e+00
   1.0350000e+02   3.6373067e+01   3.5421208e+00
   1.0200000e+02   3.8971143e+01   3.6418946e+00
   1.0350000e+02   4.1569219e+01   3.7779044e+00
   1.0200000e+02   4.4167296e+01   3.8344930e+00
   1.0350000e+02   4.6765372e+01   3.9258602e+00
   1.0200000e+02   4.9363448e+01   3.9207031e+00
   1.0350000e+02   5.1961524e+01   3.9460584e+00
   1.0200000e+02   5.4559600e+01   3.8756371e+00
   1.0350000e+02   5.7157677e+01   3.8312518e+00
   1.0200000e+02   5.9755753e+01   3.7159006e+00
   1.0350000e+02   6.2353829e+01   3.6194263e+00
   1.0200000e+02   6.4951905e+01   3.4755812e+00
   1.0350000e+02   6.7549981e+01   3.3432875e+00
   1.0200000e+02   7.0148058e+01   3.1802981e+00
   1.0350000e+02   7.2746134e+01   3.0236991e+00
   1.0200000e+02   7.5344210e+01   2.8476137e+00
   1.0350000e+02   7.7942286e+01   2.6751158e+00
   1.0200000e+02   8.0540363e+01   2.4904536e+00
   1.0350000e+02   8.3138439e+01   2.3085746e+00
   1.0200000e+02   8.5736515e+01   2.1192255e+00
   1.0350000e+02   8.8334591e+01   1.9333597e+00
   1.0200000e+02   9.0932667e+01   1.7432144e+00
   1.0350000e+02   9.3530744e+01   1.5581920e+00
   1.0200000e+02   9.6128820e+01   1.3717283e+00
   1.0350000e+02   9.8726896e+01   1.1923402e+00
   1.0650000e+02   0.0000000e+00   1.2022492e+00
   1.0500000e+02   2.5980762e+00   1.3358062e+00
   1.0650000e+02   5.1961524e+00   1.5360263e+00
   1.0500000e+02   7.7942286e+00   1.6803272e+00
   1.0650000e+02   1.0392305e+01   1.8856041e+00
   1.0500000e+02   1.2990381e+01   2.0388250e+00
   1.0650000e+02   1.5588457e+01   2.2443612e+00
   1.0500000e+02   1.8186533e+01   2.4028703e+00
   1.0650000e+02   2.0784610e+01   2.6035423e+00
   1.0500000e+02   2.3382686e+01   2.7623206e+00
   1.0650000e+02   2.5980762e+01   2.9529469e+00
   1.0500000e+02   2.8578838e+01   3.1057636e+00
   1.0650000e+02   3.1176915e+01   3.2809424e+00
   1.0500000e+02   3.3774991e+01   3.4200710e+00
   1.0650000e+02   3.6373067e+01   3.5736102e+00
   1.0500000e+02   3.8971143e+01   3.6888467e+00
   1.0650000e+02   4.1569219e+01   3.8125126e+00
   1.0500000e+02   4.4167296e+01   3.8886954e+00
   1.0650000e+02   4.6765372e+01   3.9685155e+00
   1.0500000e+02   4.9363448e+01   3.9805491e+00
   1.0650000e+02   5.1961524e+01   3.9870050e+00
   1.0500000e+02   5.4559600e+01   3.9239170e+00
   1.0650000e+02   5.7157677e+01   3.8548738e+00
   1.0500000e+02   5.9755753e+01   3.7471322e+00
   1.0650000e+02   6.2353829e+01   3.6297297e+00
   1.0500000e+02   6.4951905e+01   3.4940359e+00
   1.0650000e+02   6.7549981e+01   3.3454470e+00
   1.0500000e+02   7.0148058e+01   3.1904184e+00
   1.0650000e+02   7.2746134e+01   3.0215832e+00
   1.0500000e+02   7.5344210e+01   2.8528615e+00
   1.0650000e+02   7.7942286e+01   2.6715726e+00
   1.0500000e+02   8.0540363e+01   2.4933858e+00
   1.0650000e+02   8.3138439e+01   2.3056190e+00
   1.0500000e+02   8.5736515e+01   2.1215745e+00
   1.0650000e+02   8.8334591e+01   1.9322133e+00
   1.0500000e+02   9.0932667e+01   1.7458773e+00
   1.0650000e+02   9.3530744e+01   1.5592165e+00
   1.0500000e+02   9.6128820e+01   1.3746712e+00
   1.0650000e+02   9.8726896e+01   1.1948794e+00
   1.0950000e+02   0.0000000e+00   1.2576047e+00
   1.0800000e+02   2.5980762e+00   1.3951734e+00
   1.0950000e+02   5.1961524e+00   1.5873914e+00
   1.0800000e+02   7.7942286e+00   1.7349425e+00
   1.0950000e+02   1.0392305e+01   1.9301038e+00
   1.0800000e+02   1.2990381e+01   2.0863243e+00
   1.0950000e+02   1.5588457e+01   2.2800437e+00
   1.0800000e+02   1.8186533e+01   2.4420704e+00
   1.0950000e+02   2.0784610e+01   2.6295458e+00
   1.0800000e+02   2.3382686e+01   2.7932175e+00
   1.0950000e+02   2.5980762e+01   2.9694322e+00
   1.0800000e+02   2.8578838e+01   3.1294031e+00
   1.0950000e+02   3.1176915e+01   3.2889822e+00
   1.0800000e+02   3.3774991e+01   3.4385027e+00
   1.0950000e+02   3.6373067e+01   3.5751868e+00
   1.0800000e+02   3.8971143e+01   3.7053283e+00
   1.0950000e+02   4.1569219e+01   3.8108325e+00
   1.0800000e+02   4.4167296e+01   3.9083605e+00
   1.0950000e+02   4.6765372e+01   3.9693283e+00
   1.0800000e+02   4.9363448e+01   4.0078153e+00
   1.0950000e+02   5.1961524e+01   3.9863182e+00
   1.0800000e+02   5.4559600e+01   3.9373889e+00
   1.0950000e+02   5.7157677e+01   3.8406815e+00
   1.0800000e+02   5.9755753e+01   3.7468552e+00
   1.0950000e+02   6.2353829e+01   3.6090639e+00
   1.0800000e+02   6.4951905e+01   3.4860913e+00
   1.0950000e+02   6.7549981e+01   3.3225278e+00
   1.0800000e+02   7.0148058e+01   3.1789977e+00
   1.0950000e+02   7.2746134e+01   2.9994319e+00
   1.0800000e+02   7.5344210e+01   2.8410035e+00
   1.0950000e+02   7.7942286e+01   2.6524807e+00
   1.0800000e+02   8.0540363e+01   2.4833106e+00
   1.0950000e+02   8.3138439e+01   2.2912469e+00
   1.0800000e+02   8.5736515e+01   2.1147704e+00
   1.0950000e+02   8.8334591e+01   1.9235698e+00
   1.0800000e+02   9.0932667e+01   1.7430700e+00
   1.0950000e+02   9.3530744e+01   1.5565793e+00
   1.0800000e+02   9.6128820e+01   1.3757073e+00
   1.0950000e+02   9.8726896e+01   1.1976598e+00
   1.1250000e+02   0.0000000e+00   1.3018528e+00
   1.1100000e+02   2.5980762e+00   1.4430892e+00
   1.1250000e+02   5.1961524e+00   1.6260828e+00
   1.1100000e+02   7.7942286e+00   1.7765513e+00
   1.1250000e+02   1.0392305e+01   1.9602738e+00
   1.1100000e+02   1.2990381e+01   2.1190737e+00
   1.1250000e+02   1.5588457e+01   2.2994236e+00
   1.1100000e+02   1.8186533e+01   2.4643304e+00
   1.1250000e+02   2.0784610e+01   2.6367244e+00
   1.1100000e+02   2.3382686e+01   2.8043215e+00
   1.1250000e+02   2.5980762e+01   2.9638102e+00
   1.1100000e+02   2.8578838e+01   3.1295403e+00
   1.1250000e+02   3.1176915e+01   3.2706159e+00
   1.1100000e+02   3.3774991e+01   3.4285922e+00
   1.1250000e+02   3.6373067e+01   3.5445737e+00
   1.1100000e+02   3.8971143e+01   3.6869580e+00
   1.1250000e+02   4.1569219e+01   3.7685529e+00
   1.1100000e+02   4.4167296e+01   3.8839268e+00
   1.1250000e+02   4.6765372e+01   3.9149540e+00
   1.1100000e+02   4.9363448e+01   3.9813956e+00
   1.1250000e+02   5.1961524e+01   3.9251273e+00
   1.1100000e+02   5.4559600e+01   3.9041007e+00
   1.1250000e+02   5.7157677e+01   3.7834037e+00
   1.1100000e+02   5.9755753e+01   3.7101102e+00
   1.1250000e+02   6.2353829e+01   3.5550767e+00
   1.1100000e+02   6.4951905e+01   3.4491334e+00
   1.1250000e+02   6.7549981e+01   3.2731286e+00
   1.1100000e+02   7.0148058e+01   3.1444020e+00
   1.1250000e+02   7.2746134e+01   2.9562693e+00
   1.1100000e+02   7.5344210e+01   2.8109134e+00
   1.1250000e+02   7.7942286e+01   2.6171039e+00
   1.1100000e+02   8.0540363e+01   2.4594235e+00
   1.1250000e+02   8.3138439e+01   2.2648936e+00
   1.1100000e+02   8.5736515e+01   2.0982724e+00
   1.1250000e+02   8.8334591e+01   1.9070332e+00
   1.1100000e+02   9.0932667e+01   1.7345554e+00
   1.1250000e+02   9.3530744e+01   1.5501234e+00
   1.1100000e+02   9.6128820e+01   1.3750969e+00
   1.1250000e+02   9.8726896e+01   1.2010037e+00
   1.1550000e+02   0.0000000e+00   1.3343338e+00
   1.1400000e+02   2.5980762e+00   1.4787529e+00
   1.1550000e+02   5.1961524e+00   1.6514519e+00
   1.1400000e+02   7.7942286e+00   1.8043079e+00
   1.1550000e+02   1.0392305e+01   1.9754474e+00
   1.1400000e+02   1.2990381e+01   2.1361686e+00
   1.1550000e+02   1.5588457e+01   2.3018357e+00
   1.1400000e+02   1.8186533e+01   2.4687137e+00
   1.1550000e+02   2.0784610e+01   2.6244681e+00
   1.1400000e+02   2.3382686e+01   2.7946943e+00
   1.1550000e+02   2.5980762e+01   2.9355949e+00
   1.1400000e+02   2.8578838e+01   3.1052371e+00
   1.1550000e+02   3.1176915e+01   3.2255794e+00
   1.1400000e+02   3.3774991e+01   3.3893459e+00
   1.1550000e+02   3.6373067e+01   3.4819402e+00
   1.1400000e+02   3.8971143e+01   3.6324882e+00
   1.1550000e+02   4.1569219e+01   3.6870242e+00
   1.1400000e+02   4.4167296e+01   3.8129956e+00
   1.1550000e+02   4.6765372e+01   3.8123879e+00
   1.1400000e+02   4.9363448e+01   3.8915969e+00
   1.1550000e+02   5.1961524e+01   3.8144495e+00
   1.1400000e+02   5.4559600e+01   3.8209480e+00
   1.1550000e+02   5.7157677e+01   3.6850939e+00
   1.1400000e+02   5.9755753e+01   3.6356489e+00
   1.1550000e+02   6.2353829e+01   3.4682547e+00
   1.1400000e+02   6.4951905e+01   3.3823581e+00
   1.1550000e+02   6.7549981e+01   3.1972697e+00
   1.1400000e+02   7.0148058e+01   3.0860007e+00
   1.1550000e+02   7.2746134e+01   2.8919214e+00
   1.1400000e+02   7.5344210e+01   2.7620505e+00
   1.1550000e+02   7.7942286e+01   2.5651652e+00
   1.1400000e+02   8.0540363e+01   2.4212432e+00
   1.1550000e+02   8.3138439e+01   2.2262145e+00
   1.1400000e+02   8.5736515e+01   2.0716521e+00
   1.1550000e+02   8.8334591e+01   1.8822011e+00
   1.1400000e+02   9.0932667e+01   1.7199718e+00
   1.1550000e+02   9.3530744e+01   1.5393670e+00
   1.1400000e+02   9.6128820e+01   1.3725882e+00
   1.1550000e+02   9.8726896e+01   1.2042352e+00
   1.1850000e+02   0.0000000e+00   1.3546495e+00
   1.1700000e+02   2.5980762e+00   1.5016630e+00
   1.1850000e+02   5.1961524e+00   1.6631670e+00
   1.1700000e+02   7.7942286e+00   1.8177362e+00
   1.1850000e+02   1.0392305e+01   1.9753535e+00
   1.1700000e+02   1.2990381e+01   2.1371640e+00
   1.1850000e+02   1.5588457e+01   2.2871097e+00
   1.1700000e+02   1.8186533e+01   2.4548590e+00
   1.1850000e+02   2.0784610e+01   2.5927989e+00
   1.1700000e+02   2.3382686e+01   2.7641516e+00
   1.1850000e+02   2.5980762e+01   2.8851571e+00
   1.1700000e+02   2.8578838e+01   3.0566359e+00
   1.1850000e+02   3.1176915e+01   3.1548809e+00
   1.1700000e+02   3.3774991e+01   3.3215364e+00
   1.1850000e+02   3.6373067e+01   3.3895940e+00
   1.1700000e+02   3.8971143e+01   3.5441631e+00
   1.1850000e+02   4.1569219e+01   3.5717233e+00
   1.1700000e+02   4.4167296e+01   3.7025673e+00
   1.1850000e+02   4.6765372e+01   3.6753309e+00
   1.1700000e+02   4.9363448e+01   3.7630428e+00
   1.1850000e+02   5.1961524e+01   3.6703286e+00
   1.1700000e+02   5.4559600e+01   3.6975934e+00
   1.1850000e+02   5.7157677e+01   3.5526628e+00
   1.1700000e+02   5.9755753e+01   3.5264590e+00
   1.1850000e+02   6.2353829e+01   3.3514862e+00
   1.1700000e+02   6.4951905e+01   3.2869053e+00
   1.1850000e+02   6.7549981e+01   3.0962801e+00
   1.1700000e+02   7.0148058e+01   3.0042194e+00
   1.1850000e+02   7.2746134e+01   2.8069825e+00
   1.1700000e+02   7.5344210e+01   2.6944865e+00
   1.1850000e+02   7.7942286e+01   2.4968390e+00
   1.1700000e+02   8.0540363e+01   2.3686239e+00
   1.1850000e+02   8.3138439e+01   2.1750885e+00
   1.1700000e+02   8.5736515e+01   2.0345935e+00
   1.1850000e+02   8.8334591e+01   1.8486796e+00
   1.1700000e+02   9.0932667e+01   1.6988154e+00
   1.1850000e+02   9.3530744e+01   1.5235533e+00
   1.1700000e+02   9.6128820e+01   1.3673547e+00
   1.1850000e+02   9.8726896e+01   1.2058923e+00
   1.2150000e+02   0.0000000e+00   1.3626372e+00
   1.2000000e+02   2.5980762e+00   1.5115901e+00
   1.2150000e+02   5.1961524e+00   1.6611814e+00
   1.2000000e+02   7.7942286e+00   1.8166968e+00
   1.2150000e+02   1.0392305e+01   1.9600742e+00
   1.2000000e+02   1.2990381e+01   2.1220348e+00
   1.2150000e+02   1.5588457e+01   2.2555149e+00
   1.2000000e+02   1.8186533e+01   2.4229332e+00
   1.2150000e+02   2.0784610e+01   2.5422921e+00
   1.2000000e+02   2.3382686e+01   2.7131941e+00
   1.2150000e+02   2.5980762e+01   2.8135809e+00
   1.2000000e+02   2.8578838e+01   2.9848185e+00
   1.2150000e+02   3.1176915e+01   3.0604714e+00
   1.2000000e+02   3.3774991e+01   3.2273137e+00
   1.2150000e+02   3.6373067e+01   3.2710319e+00
   1.2000000e+02   3.8971143e+01   3.4262952e+00
   1.2150000e+02   4.1569219e+01   3.4288441e+00
   1.2000000e+02   4.4167296e+01   3.5613388e+00
   1.2150000e+02   4.6765372e+01   3.5122960e+00
   1.2000000e+02   4.9363448e+01   3.6062365e+00
   1.2150000e+02   5.1961524e+01   3.5009702e+00
   1.2000000e+02   5.4559600e+01   3.5440427e+00
   1.2150000e+02   5.7157677e+01   3.3930973e+00
   1.2000000e+02   5.9755753e+01   3.3876979e+00
   1.2150000e+02   6.2353829e+01   3.2087954e+00
   1.2000000e+02   6.4951905e+01   3.1653451e+00
   1.2150000e+02   6.7549981e+01   2.9723905e+00
   1.2000000e+02   7.0148058e+01   2.9003748e+00
   1.2150000e+02   7.2746134e+01   2.7026649e+00
   1.2000000e+02   7.5344210e+01   2.6088471e+00
   1.2150000e+02   7.7942286e+01   2.4126964e+00
   1.2000000e+02   8.0540363e+01   2.3017407e+00
   1.2150000e+02   8.3138439e+01   2.1116135e+00
   1.2000000e+02   8.5736515e+01   1.9869082e+00
   1.2150000e+02   8.8334591e+01   1.8061318e+00
   1.2000000e+02   9.0932667e+01   1.6705062e+00
   1.2150000e+02   9.3530744e+01   1.5018212e+00
   1.2000000e+02   9.6128820e+01   1.3582284e+00
   1.2150000e+02   9.8726896e+01   1.2043100e+00
   1.2450000e+02   0.0000000e+00   1.3583389e+00
   1.2300000e+02   2.5980762e+00   1.5085466e+00
   1.2450000e+02   5.1961524e+00   1.6456946e+00
   1.2300000e+02   7.7942286e+00   1.8013451e+00
   1.2450000e+02   1.0392305e+01   1.9299926e+00
   1.2300000e+02   1.2990381e+01   2.0911208e+00
   1.2450000e+02   1.5588457e+01   2.2076874e+00
   1.2300000e+02   1.8186533e+01   2.3735532e+00
   1.2450000e+02   2.0784610e+01   2.4739636e+00
   1.2300000e+02   2.3382686e+01   2.6428780e+00
   1.2450000e+02   2.5980762e+01   2.7224645e+00
   1.2300000e+02   2.8578838e+01   2.8915478e+00
   1.2450000e+02   3.1176915e+01   2.9448407e+00
   1.2300000e+02   3.3774991e+01   3.1095940e+00
   1.2450000e+02   3.6373067e+01   3.1300551e+00
   1.2300000e+02   3.8971143e+01   3.2836208e+00
   1.2450000e+02   4.1569219e+01   3.2636931e+00
   1.2300000e+02   4.4167296e+01   3.3959933e+00
   1.2450000e+02   4.6765372e+01   3.3287750e+00
   1.2300000e+02   4.9363448e+01   3.4272884e+00
   1.2450000e+02   5.1961524e+01   3.3116059e+00
   1.2300000e+02   5.4559600e+01   3.3671103e+00
   1.2450000e+02   5.7157677e+01   3.2119081e+00
   1.2300000e+02   5.9755753e+01   3.2245985e+00
   1.2450000e+02   6.2353829e+01   3.0442864e+00
   1.2300000e+02   6.4951905e+01   3.0209180e+00
   1.2450000e+02   6.7549981e+01   2.8282650e+00
   1.2300000e+02   7.0148058e+01   2.7763814e+00
   1.2450000e+02   7.2746134e+01   2.5805948e+00
   1.2300000e+02   7.5344210e+01   2.5061940e+00
   1.2450000e+02   7.7942286e+01   2.3136220e+00
   1.2300000e+02   8.0540363e+01   2.2210517e+00
   1.2450000e+02   8.3138439e+01   2.0360932e+00
   1.2300000e+02   8.5736515e+01   1.9285556e+00
   1.2450000e+02   8.8334591e+01   1.7543360e+00
   1.2300000e+02   9.0932667e+01   1.6344964e+00
   1.2450000e+02   9.3530744e+01   1.4733851e+00
   1.2300000e+02   9.6128820e+01   1.3440229e+00
   1.2450000e+02   9.8726896e+01   1.1980472e+00
   1.2750000e+02   0.0000000e+00   1.3419684e+00
   1.2600000e+02   2.5980762e+00   1.4927499e+00
   1.2750000e+02   5.1961524e+00   1.6171089e+00
   1.2600000e+02   7.7942286e+00   1.7720843e+00
   1.2750000e+02   1.0392305e+01   1.8857329e+00
   1.2600000e+02   1.2990381e+01   2.0450596e+00
   1.2750000e+02   1.5588457e+01   2.1445457e+00
   1.2600000e+02   1.8186533e+01   2.3076884e+00
   1.2750000e+02   2.0784610e+01   2.3891453e+00
   1.2600000e+02   2.3382686e+01   2.5546595e+00
   1.2750000e+02   2.5980762e+01   2.6137206e+00
   1.2600000e+02   2.8578838e+01   2.7789901e+00
   1.2750000e+02   3.1176915e+01   2.8106833e+00
   1.2600000e+02   3.3774991e+01   2.9715362e+00
   1.2750000e+02   3.6373067e+01   2.9702780e+00
   1.2600000e+02   3.8971143e+01   3.1204630e+00
   1.2750000e+02   4.1569219e+01   3.0805382e+00
   1.2600000e+02   4.4167296e+01   3.2114194e+00
   1.2750000e+02   4.6765372e+01   3.1287576e+00
   1.2600000e+02   4.9363448e+01   3.2305073e+00
   1.2750000e+02   5.1961524e+01   3.1060603e+00
   1.2600000e+02   5.4559600e+01   3.1715496e+00
   1.2750000e+02   5.7157677e+01   3.0133092e+00
   1.2600000e+02   5.9755753e+01   3.0416430e+00
   1.2750000e+02   6.2353829e+01   2.8616607e+00
   1.2600000e+02   6.4951905e+01   2.8569454e+00
   1.2750000e+02   6.7549981e+01   2.6666495e+00
   1.2600000e+02   7.0148058e+01   2.6344554e+00
   1.2750000e+02   7.2746134e+01   2.4426226e+00
   1.2600000e+02   7.5344210e+01   2.3878871e+00
   1.2750000e+02   7.7942286e+01   2.2007256e+00
   1.2600000e+02   8.0540363e+01   2.1272482e+00
   1.2750000e+02   8.3138439e+01   1.9490167e+00
   1.2600000e+02   8.5736515e+01   1.8596588e+00
   1.2750000e+02   8.8334591e+01   1.6932261e+00
   1.2600000e+02   9.0932667e+01   1.5903661e+00
   1.2750000e+02   9.3530744e+01   1.4376494e+00
   1.2600000e+02   9.6128820e+01   1.3237529e+00
   1.2750000e+02   9.8726896e+01   1.1860320e+00
   1.3050000e+02   0.0000000e+00   1.3138746e+00
   1.2900000e+02   2.5980762e+00   1.4645835e+00
   1.3050000e+02   5.1961524e+00   1.5759827e+00
   1.2900000e+02   7.7942286e+00   1.7295118e+00
   1.3050000e+02   1.0392305e+01   1.8280980e+00
   1.2900000e+02   1.2990381e+01   1.9847142e+00
   1.3050000e+02   1.5588457e+01   2.0672055e+00
   1.2900000e+02   1.8186533e+01   2.2265587e+00
   1.3050000e+02   2.0784610e+01   2.2893670e+00
   1.2900000e+02   2.3382686e+01   2.4502443e+00
   1.3050000e+02   2.5980762e+01   2.4894117e+00
   1.2900000e+02   2.8578838e+01   2.6494879e+00
   1.3050000e+02   3.1176915e+01   2.6606862e+00
   1.2900000e+02   3.3774991e+01   2.8162300e+00
   1.3050000e+02   3.6373067e+01   2.7949648e+00
   1.2900000e+02   3.8971143e+01   2.9405418e+00
   1.3050000e+02   4.1569219e+01   2.8828530e+00
   1.2900000e+02   4.4167296e+01   3.0113649e+00
   1.3050000e+02   4.6765372e+01   2.9153944e+00
   1.2900000e+02   4.9363448e+01   3.0192263e+00
   1.3050000e+02   5.1961524e+01   2.8873634e+00
   1.2900000e+02   5.4559600e+01   2.9609383e+00
   1.3050000e+02   5.7157677e+01   2.8006265e+00
   1.2900000e+02   5.9755753e+01   2.8425112e+00
   1.3050000e+02   6.2353829e+01   2.6641268e+00
   1.2900000e+02   6.4951905e+01   2.6765333e+00
   1.3050000e+02   6.7549981e+01   2.4901858e+00
   1.2900000e+02   7.0148058e+01   2.4768975e+00
   1.3050000e+02   7.2746134e+01   2.2906865e+00
   1.2900000e+02   7.5344210e+01   2.2554638e+00
   1.3050000e+02   7.7942286e+01   2.0752667e+00
   1.2900000e+02   8.0540363e+01   2.0212020e+00
   1.3050000e+02   8.3138439e+01   1.8510316e+00
   1.2900000e+02   8.5736515e+01   1.7805063e+00
   1.3050000e+02   8.8334591e+01   1.6229059e+00
   1.2900000e+02   9.0932667e+01   1.5378764e+00
   1.3050000e+02   9.3530744e+01   1.3942462e+00
   1.2900000e+02   9.6128820e+01   1.2967143e+00
   1.3050000e+02   9.8726896e+01   1.1675466e+00
   1.3350000e+02   0.0000000e+00   1.2745038e+00
   1.3200000e+02   2.5980762e+00   1.4245553e+00
   1.3350000e+02   5.1961524e+00   1.5229816e+00
   1.3200000e+02   7.7942286e+00   1.6743645e+00
   1.3350000e+02   1.0392305e+01   1.7580058e+00
   1.3200000e+02   1.2990381e+01   1.9111006e+00
   1.3350000e+02   1.5588457e+01   1.9768990e+00
   1.3200000e+02   1.8186533e+01   2.1315386e+00
   1.3350000e+02   2.0784610e+01   2.1762564e+00
   1.3200000e+02   2.3382686e+01   2.3314624e+00
   1.3350000e+02   2.5980762e+01   2.3516329e+00
   1.3200000e+02   2.8578838e+01   2.5054059e+00
   1.3350000e+02   3.1176915e+01   2.4974230e+00
   1.3200000e+02   3.3774991e+01   2.6465644e+00
   1.3350000e+02   3.6373067e+01   2.6070340e+00
   1.3200000e+02   3.8971143e+01   2.7470468e+00
   1.3350000e+02   4.1569219e+01   2.6735700e+00
   1.3200000e+02   4.4167296e+01   2.7988762e+00
   1.3350000e+02   4.6765372e+01   2.6913368e+00
   1.3200000e+02   4.9363448e+01   2.7961947e+00
   1.3350000e+02   5.1961524e+01   2.6580662e+00
   1.3200000e+02   5.4559600e+01   2.7381559e+00
   1.3350000e+02   5.7157677e+01   2.5766151e+00
   1.3200000e+02   5.9755753e+01   2.6302584e+00
   1.3350000e+02   6.2353829e+01   2.4544779e+00
   1.3200000e+02   6.4951905e+01   2.4824940e+00
   1.3350000e+02   6.7549981e+01   2.3013558e+00
   1.3200000e+02   7.0148058e+01   2.3059753e+00
   1.3350000e+02   7.2746134e+01   2.1267401e+00
   1.3200000e+02   7.5344210e+01   2.1105537e+00
   1.3350000e+02   7.7942286e+01   1.9386012e+00
   1.3200000e+02   8.0540363e+01   1.9039205e+00
   1.3350000e+02   8.3138439e+01   1.7429161e+00
   1.3200000e+02   8.5736515e+01   1.6915402e+00
   1.3350000e+02   8.8334591e+01   1.5436390e+00
   1.3200000e+02   9.0932667e+01   1.4769786e+00
   1.3350000e+02   9.3530744e+01   1.3430189e+00
   1.3200000e+02   9.6128820e+01   1.2624733e+00
   1.3350000e+02   9.8726896e+01   1.1421549e+00
   1.3650000e+02   0.0000000e+00   1.2243599e+00
   1.3500000e+02   2.5980762e+00   1.3732535e+00
   1.3650000e+02   5.1961524e+00   1.4588299e+00
   1.3500000e+02   7.7942286e+00   1.6074638e+00
   1.3650000e+02   1.0392305e+01   1.6764288e+00
   1.3500000e+02   1.2990381e+01   1.8253177e+00
   1.3650000e+02   1.5588457e+01   1.8749029e+00
   1.3500000e+02   1.8186533e+01   2.0240734e+00
   1.3650000e+02   2.0784610e+01   2.0514588e+00
   1.3500000e+02   2.3382686e+01   2.2001728e+00
   1.3650000e+02   2.5980762e+01   2.2024368e+00
   1.3500000e+02   2.8578838e+01   2.3490437e+00
   1.3650000e+02   3.1176915e+01   2.3233189e+00
   1.3500000e+02   3.3774991e+01   2.4652040e+00
   1.3650000e+02   3.6373067e+01   2.4091250e+00
   1.3500000e+02   3.8971143e+01   2.5427739e+00
   1.3650000e+02   4.1569219e+01   2.4552776e+00
   1.3500000e+02   4.4167296e+01   2.5765729e+00
   1.3650000e+02   4.6765372e+01   2.4589445e+00
   1.3500000e+02   4.9363448e+01   2.5638075e+00
   1.3650000e+02   5.1961524e+01   2.4204355e+00
   1.3500000e+02   5.4559600e+01   2.5056615e+00
   1.3650000e+02   5.7157677e+01   2.3436816e+00
   1.3500000e+02   5.9755753e+01   2.4075124e+00
   1.3650000e+02   6.2353829e+01   2.2352192e+00
   1.3500000e+02   6.4951905e+01   2.2773848e+00
   1.3650000e+02   6.7549981e+01   2.1025078e+00
   1.3500000e+02   7.0148058e+01   2.1238894e+00
   1.3650000e+02   7.2746134e+01   1.9527327e+00
   1.3500000e+02   7.5344210e+01   1.9548335e+00
   1.3650000e+02   7.7942286e+01   1.7921527e+00
   1.3500000e+02   8.0540363e+01   1.7765116e+00
   1.3650000e+02   8.3138439e+01   1.6255527e+00
   1.3500000e+02   8.5736515e+01   1.5933343e+00
   1.3650000e+02   8.8334591e+01   1.4558228e+00
   1.3500000e+02   9.0932667e+01   1.4077918e+00
   1.3650000e+02   9.3530744e+01   1.2839789e+00
   1.3500000e+02   9.6128820e+01   1.2208138e+00
   1.3650000e+02   9.8726896e+01   1.1096175e+00
   1.3950000e+02   0.0000000e+00   1.1639644e+00
   1.3800000e+02   2.5980762e+00   1.3113034e+00
   1.3950000e+02   5.1961524e+00   1.3842609e+00
   1.3800000e+02   7.7942286e+00   1.5296605e+00
   1.3950000e+02   1.0392305e+01   1.5843351e+00
   1.3800000e+02   1.2990381e+01   1.7284836e+00
   1.3950000e+02   1.5588457e+01   1.7624743e+00
   1.3800000e+02   1.8186533e+01   1.9056090e+00
   1.3950000e+02   2.0784610e+01   1.9165759e+00
   1.3800000e+02   2.3382686e+01   2.0581976e+00
   1.3950000e+02   2.5980762e+01   2.0437889e+00
   1.3800000e+02   2.8578838e+01   2.1825952e+00
   1.3950000e+02   3.1176915e+01   2.1406510e+00
   1.3800000e+02   3.3774991e+01   2.2746155e+00
   1.3950000e+02   3.6373067e+01   2.2036786e+00
   1.3800000e+02   3.8971143e+01   2.3302549e+00
   1.3950000e+02   4.1569219e+01   2.2303688e+00
   1.3800000e+02   4.4167296e+01   2.3468310e+00
   1.3950000e+02   4.6765372e+01   2.2204312e+00
   1.3800000e+02   4.9363448e+01   2.3242607e+00
   1.3950000e+02   5.1961524e+01   2.1765928e+00
   1.3800000e+02   5.4559600e+01   2.2656752e+00
   1.3950000e+02   5.7157677e+01   2.1040482e+00
   1.3800000e+02   5.9755753e+01   2.1766450e+00
   1.3950000e+02   6.2353829e+01   2.0087020e+00
   1.3800000e+02   6.4951905e+01   2.0635983e+00
   1.3950000e+02   6.7549981e+01   1.8959278e+00
   1.3800000e+02   7.0148058e+01   1.9327957e+00
   1.3950000e+02   7.2746134e+01   1.7706302e+00
   1.3800000e+02   7.5344210e+01   1.7900166e+00
   1.3950000e+02   7.7942286e+01   1.6374045e+00
   1.3800000e+02   8.0540363e+01   1.6401628e+00
   1.3950000e+02   8.3138439e+01   1.4999091e+00
   1.3800000e+02   8.5736515e+01   1.4865689e+00
   1.3950000e+02   8.8334591e+01   1.3599576e+00
   1.3800000e+02   9.0932667e+01   1.3305652e+00
   1.3950000e+02   9.3530744e+01   1.2172498e+00
   1.3800000e+02   9.6128820e+01   1.1716691e+00
   1.3950000e+02   9.8726896e+01   1.0698058e+00
   1.4250000e+02   0.0000000e+00   1.0938148e+00
   1.4100000e+02   2.5980762e+00   1.2393224e+00
   1.4250000e+02   5.1961524e+00   1.2999673e+00
   1.4100000e+02   7.7942286e+00   1.4417813e+00
   1.4250000e+02   1.0392305e+01   1.4826319e+00
   1.4100000e+02   1.2990381e+01   1.6216759e+00
   1.4250000e+02   1.5588457e+01   1.6407960e+00
   1.4100000e+02   1.8186533e+01   1.7775345e+00
   1.4250000e+02   2.0784610e+01   1.7731198e+00
   1.4100000e+02   2.3382686e+01   1.9072753e+00
   1.4250000e+02   2.5980762e+01   1.8775421e+00
   1.4100000e+02   2.8578838e+01   2.0081322e+00
   1.4250000e+02   3.1176915e+01   1.9515636e+00
   1.4100000e+02   3.3774991e+01   2.0771099e+00
   1.4250000e+02   3.6373067e+01   1.9930090e+00
   1.4100000e+02   3.8971143e+01   2.1118684e+00
   1.4250000e+02   4.1569219e+01   2.0011590e+00
   1.4100000e+02   4.4167296e+01   2.1119200e+00
   1.4250000e+02   4.6765372e+01   1.9779842e+00
   1.4100000e+02   4.9363448e+01   2.0796736e+00
   1.4250000e+02   5.1961524e+01   1.9286272e+00
   1.4100000e+02   5.4559600e+01   2.0203123e+00
   1.4250000e+02   5.7157677e+01   1.8598843e+00
   1.4100000e+02   5.9755753e+01   1.9399178e+00
   1.4250000e+02   6.2353829e+01   1.7772569e+00
   1.4100000e+02   6.4951905e+01   1.8434743e+00
   1.4250000e+02   6.7549981e+01   1.6839339e+00
   1.4100000e+02   7.0148058e+01   1.7348642e+00
   1.4250000e+02   7.2746134e+01   1.5824597e+00
   1.4100000e+02   7.5344210e+01   1.6178684e+00
   1.4250000e+02   7.7942286e+01   1.4759073e+00
   1.4100000e+02   8.0540363e+01   1.4961317e+00
   1.4250000e+02   8.3138439e+01   1.3670259e+00
   1.4100000e+02   8.5736515e+01   1.3720088e+00
   1.4250000e+02   8.8334591e+01   1.2566195e+00
   1.4100000e+02   9.0932667e+01   1.2456361e+00
   1.4250000e+02   9.3530744e+01   1.1430118e+00
   1.4100000e+02   9.6128820e+01   1.1150494e+00
   1.4250000e+02   9.8726896e+01   1.0226162e+00
   1.4550000e+02   0.0000000e+00   1.0143401e+00
   1.4400000e+02   2.5980762e+00   1.1578735e+00
   1.4550000e+02   5.1961524e+00   1.2065477e+00
   1.4400000e+02   7.7942286e+00   1.3445734e+00
   1.4550000e+02   1.0392305e+01   1.3721100e+00
   1.4400000e+02   1.2990381e+01   1.5058772e+00
   1.4550000e+02   1.5588457e+01   1.5109289e+00
   1.4400000e+02   1.8186533e+01   1.6411358e+00
   1.4550000e+02   2.0784610e+01   1.6224774e+00
   1.4400000e+02   2.3382686e+01   1.7490294e+00
   1.4550000e+02   2.5980762e+01   1.7054192e+00
   1.4400000e+02   2.8578838e+01   1.8276001e+00
   1.4550000e+02   3.1176915e+01   1.7580796e+00
   1.4400000e+02   3.3774991e+01   1.8748813e+00
   1.4550000e+02   3.6373067e+01   1.7793583e+00
   1.4400000e+02   3.8971143e+01   1.8899277e+00
   1.4550000e+02   4.1569219e+01   1.7699816e+00
   1.4400000e+02   4.4167296e+01   1.8741173e+00
   1.4550000e+02   4.6765372e+01   1.7338782e+00
   1.4400000e+02   4.9363448e+01   1.8321984e+00
   1.4550000e+02   5.1961524e+01   1.6787029e+00
   1.4400000e+02   5.4559600e+01   1.7716960e+00
   1.4550000e+02   5.7157677e+01   1.6134256e+00
   1.4400000e+02   5.9755753e+01   1.6996143e+00
   1.4550000e+02   6.2353829e+01   1.5433287e+00
   1.4400000e+02   6.4951905e+01   1.6194209e+00
   1.4550000e+02   6.7549981e+01   1.4689826e+00
   1.4400000e+02   7.0148058e+01   1.5323558e+00
   1.4550000e+02   7.2746134e+01   1.3903680e+00
   1.4400000e+02   7.5344210e+01   1.4402367e+00
   1.4550000e+02   7.7942286e+01   1.3092972e+00
   1.4400000e+02   8.0540363e+01   1.3457473e+00
   1.4550000e+02   8.3138439e+01   1.2280171e+00
   1.4400000e+02   8.5736515e+01   1.2504904e+00
   1.4550000e+02   8.8334591e+01   1.1464460e+00
   1.4400000e+02   9.0932667e+01   1.1533945e+00
   1.4550000e+02   9.3530744e+01   1.0614518e+00
   1.4400000e+02   9.6128820e+01   1.0509691e+00
   1.4550000e+02   9.8726896e+01   9.6787844e-01
   1.4850000e+02   0.0000000e+00   9.2584936e-01
   1.4700000e+02   2.5980762e+00   1.0674140e+00
   1.4850000e+02   5.1961524e+00   1.1044446e+00
   1.4700000e+02   7.7942286e+00   1.2386465e+00
   1.4850000e+02   1.0392305e+01   1.2533879e+00
   1.4700000e+02   1.2990381e+01   1.3819257e+00
   1.4850000e+02   1.5588457e+01   1.3737749e+00
   1.4700000e+02   1.8186533e+01   1.4975591e+00
   1.4850000e+02   2.0784610e+01   1.4658852e+00
   1.4700000e+02   2.3382686e+01   1.5849439e+00
   1.4850000e+02   2.5980762e+01   1.5289961e+00
   1.4700000e+02   2.8578838e+01   1.6428111e+00
   1.4850000e+02   3.1176915e+01   1.5620993e+00
   1.4700000e+02   3.3774991e+01   1.6700297e+00
   1.4850000e+02   3.6373067e+01   1.5649227e+00
   1.4700000e+02   3.8971143e+01   1.6667444e+00
   1.4850000e+02   4.1569219e+01   1.5392619e+00
   1.4700000e+02   4.4167296e+01   1.6358136e+00
   1.4850000e+02   4.6765372e+01   1.4905991e+00
   1.4700000e+02   4.9363448e+01   1.5841380e+00
   1.4850000e+02   5.1961524e+01   1.4291815e+00
   1.4700000e+02   5.4559600e+01   1.5220672e+00
   1.4850000e+02   5.7157677e+01   1.3671009e+00
   1.4700000e+02   5.9755753e+01   1.4581751e+00
   1.4850000e+02   6.2353829e+01   1.3096225e+00
   1.4700000e+02   6.4951905e+01   1.3940438e+00
   1.4850000e+02   6.7549981e+01   1.2537726e+00
   1.4700000e+02   7.0148058e+01   1.3277060e+00
   1.4850000e+02   7.2746134e+01   1.1966796e+00
   1.4700000e+02   7.5344210e+01   1.2590911e+00
   1.4850000e+02   7.7942286e+01   1.1393191e+00
   1.4700000e+02   8.0540363e+01   1.1904211e+00
   1.4850000e+02   8.3138439e+01   1.0840865e+00
   1.4700000e+02   8.5736515e+01   1.1229262e+00
   1.4850000e+02   8.8334591e+01   1.0301450e+00
   1.4700000e+02   9.0932667e+01   1.0542619e+00
   1.4850000e+02   9.3530744e+01   9.7272814e-01
   1.4700000e+02   9.6128820e+01   9.7937712e-01
   1.4850000e+02   9.8726896e+01   9.0525757e-01
   1.5150000e+02   0.0000000e+00   8.2846517e-01
   1.5000000e+02   2.5980762e+00   9.6823225e-01
   1.5150000e+02   5.1961524e+00   9.9386330e-01
   1.5000000e+02   7.7942286e+00   1.1244057e+00
   1.5150000e+02   1.0392305e+01   1.1268610e+00
   1.5000000e+02   1.2990381e+01   1.2504743e+00
   1.5150000e+02   1.5588457e+01   1.2300570e+00
   1.5000000e+02   1.8186533e+01   1.3477876e+00
   1.5150000e+02   2.0784610e+01   1.3044158e+00
   1.5000000e+02   2.3382686e+01   1.4163458e+00
   1.5150000e+02   2.5980762e+01   1.3496845e+00
   1.5000000e+02   2.8578838e+01   1.4554296e+00
   1.5150000e+02   3.1176915e+01   1.3653777e+00
   1.5000000e+02   3.3774991e+01   1.4645559e+00
   1.5150000e+02   3.6373067e+01   1.3518357e+00
   1.5000000e+02   3.8971143e+01   1.4446549e+00
   1.5150000e+02   4.1569219e+01   1.3115490e+00
   1.5000000e+02   4.4167296e+01   1.3996089e+00
   1.5150000e+02   4.6765372e+01   1.2509895e+00
   1.5000000e+02   4.9363448e+01   1.3380982e+00
   1.5150000e+02   5.1961524e+01   1.1827971e+00
   1.5000000e+02   5.4559600e+01   1.2739139e+00
   1.5150000e+02   5.7157677e+01   1.1237002e+00
   1.5000000e+02   5.9755753e+01   1.2183585e+00
   1.5150000e+02   6.2353829e+01   1.0792731e+00
   1.5000000e+02   6.4951905e+01   1.1702728e+00
   1.5150000e+02   6.7549981e+01   1.0413123e+00
   1.5000000e+02   7.0148058e+01   1.1235919e+00
   1.5150000e+02   7.2746134e+01   1.0039381e+00
   1.5000000e+02   7.5344210e+01   1.0765616e+00
   1.5150000e+02   7.7942286e+01   9.6785761e-01
   1.5000000e+02   8.0540363e+01   1.0316689e+00
   1.5150000e+02   8.3138439e+01   9.3657290e-01
   1.5000000e+02   8.5736515e+01   9.9033819e-01
   1.5150000e+02   8.8334591e+01   9.0853742e-01
   1.5000000e+02   9.0932667e+01   9.4869563e-01
   1.5150000e+02   9.3530744e+01   8.7695767e-01
   1.5000000e+02   9.6128820e+01   9.0009606e-01
   1.5150000e+02   9.8726896e+01   8.3415727e-01
