   7.5000000e+00   0.0000000e+00   5.8057670e-01
   0.0000000e+00   1.2990381e+01   6.4078027e-01
   7.5000000e+00   2.5980762e+01   7.9466436e-01
   0.0000000e+00   3.8971143e+01   5.8614868e-01
   7.5000000e+00   5.1961524e+01   7.0540200e-01
   0.0000000e+00   6.4951905e+01   5.3945525e-01
   7.5000000e+00   7.7942286e+01   7.7677671e-01
   0.0000000e+00   9.0932667e+01   6.4001804e-01
   2.2500000e+01   0.0000000e+00   6.2538932e-01
   1.5000000e+01   1.2990381e+01   8.3453404e-01
   2.2500000e+01   2.5980762e+01   1.0476000e+00
   1.5000000e+01   3.8971143e+01   9.3729755e-01
   2.2500000e+01   5.1961524e+01   1.1353689e+00
   1.5000000e+01   6.4951905e+01   9.2789963e-01
   2.2500000e+01   7.7942286e+01   1.0986074e+00
   1.5000000e+01   9.0932667e+01   8.9823006e-01
   3.7500000e+01   0.0000000e+00   5.9640428e-01
   3.0000000e+01   1.2990381e+01   9.3809598e-01
   3.7500000e+01   2.5980762e+01   1.2794642e+00
   3.0000000e+01   3.8971143e+01   1.2974690e+00
   3.7500000e+01   5.1961524e+01   1.5675607e+00
   3.0000000e+01   6.4951905e+01   1.3362446e+00
   3.7500000e+01   7.7942286e+01   1.4076771e+00
   3.0000000e+01   9.0932667e+01   1.0939277e+00
   5.2500000e+01   0.0000000e+00   5.3492689e-01
   4.5000000e+01   1.2990381e+01   1.0138620e+00
   5.2500000e+01   2.5980762e+01   1.5310880e+00
   4.5000000e+01   3.8971143e+01   1.6722730e+00
   5.2500000e+01   5.1961524e+01   2.0315174e+00
   4.5000000e+01   6.4951905e+01   1.7505417e+00
   5.2500000e+01   7.7942286e+01   1.7181283e+00
   4.5000000e+01   9.0932667e+01   1.2572027e+00
   6.7500000e+01   0.0000000e+00   4.6609768e-01
   6.0000000e+01   1.2990381e+01   1.0990122e+00
   6.7500000e+01   2.5980762e+01   1.8570980e+00
   6.0000000e+01   3.8971143e+01   2.1081028e+00
   6.7500000e+01   5.1961524e+01   2.5725666e+00
   6.0000000e+01   6.4951905e+01   2.2020504e+00
   6.7500000e+01   7.7942286e+01   2.0486266e+00
   6.0000000e+01   9.0932667e+01   1.4036869e+00
   8.2500000e+01   0.0000000e+00   5.5016804e-01
   7.5000000e+01   1.2990381e+01   1.2652410e+00
   8.2500000e+01   2.5980762e+01   2.3086224e+00
   7.5000000e+01   3.8971143e+01   2.6495445e+00
   8.2500000e+01   5.1961524e+01   3.1959756e+00
   7.5000000e+01   6.4951905e+01   2.7090593e+00
   8.2500000e+01   7.7942286e+01   2.3880754e+00
   7.5000000e+01   9.0932667e+01   1.5465002e+00
   9.7500000e+01   0.0000000e+00   9.8055870e-01
   9.0000000e+01   1.2990381e+01   1.6454782e+00
   9.7500000e+01   2.5980762e+01   2.7884901e+00
   9.0000000e+01   3.8971143e+01   3.2610279e+00
   9.7500000e+01   5.1961524e+01   3.7881883e+00
   9.0000000e+01   6.4951905e+01   3.2149604e+00
   9.7500000e+01   7.7942286e+01   2.6404786e+00
   9.0000000e+01   9.0932667e+01   1.6835680e+00
   1.1250000e+02   0.0000000e+00   1.3018528e+00
   1.0500000e+02   1.2990381e+01   2.0388250e+00
   1.1250000e+02   2.5980762e+01   2.9638102e+00
   1.0500000e+02   3.8971143e+01   3.6888467e+00
   1.1250000e+02   5.1961524e+01   3.9251273e+00
   1.0500000e+02   6.4951905e+01   3.4940359e+00
   1.1250000e+02   7.7942286e+01   2.6171039e+00
   1.0500000e+02   9.0932667e+01   1.7458773e+00
   1.2750000e+02   0.0000000e+00   1.3419684e+00
   1.2000000e+02   1.2990381e+01   2.1220348e+00
   1.2750000e+02   2.5980762e+01   2.6137206e+00
   1.2000000e+02   3.8971143e+01   3.4262952e+00
   1.2750000e+02   5.1961524e+01   3.1060603e+00
   1.2000000e+02   6.4951905e+01   3.1653451e+00
   1.2750000e+02   7.7942286e+01   2.2007256e+00
   1.2000000e+02   9.0932667e+01   1.6705062e+00
   1.4250000e+02   0.0000000e+00   1.0938148e+00
   1.3500000e+02   1.2990381e+01   1.8253177e+00
   1.4250000e+02   2.5980762e+01   1.8775421e+00
   1.3500000e+02   3.8971143e+01   2.5427739e+00
   1.4250000e+02   5.1961524e+01   1.9286272e+00
   1.3500000e+02   6.4951905e+01   2.2773848e+00
   1.4250000e+02   7.7942286e+01   1.4759073e+00
   1.3500000e+02   9.0932667e+01   1.4077918e+00
   1.5750000e+02   0.0000000e+00   6.0580240e-01
   1.5000000e+02   1.2990381e+01   1.2504743e+00
   1.5750000e+02   2.5980762e+01   9.8709642e-01
   1.5000000e+02   3.8971143e+01   1.4446549e+00
   1.5750000e+02   5.1961524e+01   7.1462487e-01
   1.5000000e+02   6.4951905e+01   1.1702728e+00
   1.5750000e+02   7.7942286e+01   6.2925813e-01
   1.5000000e+02   9.0932667e+01   9.4869563e-01
