   3.7500000e+00   0.0000000e+00   7.0227442e+00
   0.0000000e+00   6.4951905e+00   9.6285037e+00
   3.7500000e+00   1.2990381e+01   2.7337078e+01
   0.0000000e+00   1.9485572e+01   1.3122009e+01
   3.7500000e+00   2.5980762e+01   2.8419977e+01
   0.0000000e+00   3.2475953e+01   1.2623307e+01
   3.7500000e+00   3.8971143e+01   2.6597739e+01
   0.0000000e+00   4.5466334e+01   1.1118843e+01
   3.7500000e+00   5.1961524e+01   2.4166936e+01
   0.0000000e+00   5.8456715e+01   1.0444163e+01
   3.7500000e+00   6.4951905e+01   2.5122225e+01
   0.0000000e+00   7.1447096e+01   1.1779412e+01
   3.7500000e+00   7.7942286e+01   2.7423208e+01
   0.0000000e+00   8.4437477e+01   1.2781844e+01
   3.7500000e+00   9.0932667e+01   2.7757459e+01
   0.0000000e+00   9.7427858e+01   5.8998485e+00
   1.1250000e+01   0.0000000e+00   1.1918061e+01
   7.5000000e+00   6.4951905e+00   2.6935757e+01
   1.1250000e+01   1.2990381e+01   3.1540582e+01
   7.5000000e+00   1.9485572e+01   3.1130289e+01
   1.1250000e+01   2.5980762e+01   3.4334113e+01
   7.5000000e+00   3.2475953e+01   3.1219135e+01
   1.1250000e+01   3.8971143e+01   3.4008906e+01
   7.5000000e+00   4.5466334e+01   2.9287138e+01
   1.1250000e+01   5.1961524e+01   3.2776172e+01
   7.5000000e+00   5.8456715e+01   2.8440450e+01
   1.1250000e+01   6.4951905e+01   3.3286442e+01
   7.5000000e+00   7.1447096e+01   3.0211483e+01
   1.1250000e+01   7.7942286e+01   3.4350985e+01
   7.5000000e+00   8.4437477e+01   3.1258056e+01
   1.1250000e+01   9.0932667e+01   3.3183387e+01
   7.5000000e+00   9.7427858e+01   1.4627091e+01
   1.8750000e+01   0.0000000e+00   1.2478141e+01
   1.5000000e+01   6.4951905e+00   2.9284194e+01
   1.8750000e+01   1.2990381e+01   3.4349259e+01
   1.5000000e+01   1.9485572e+01   3.5513249e+01
   1.8750000e+01   2.5980762e+01   3.9454869e+01
   1.5000000e+01   3.2475953e+01   3.7588634e+01
   1.8750000e+01   3.8971143e+01   4.1257656e+01
   1.5000000e+01   4.5466334e+01   3.7372085e+01
   1.8750000e+01   5.1961524e+01   4.1422499e+01
   1.5000000e+01   5.8456715e+01   3.7111807e+01
   1.8750000e+01   6.4951905e+01   4.1482925e+01
   1.5000000e+01   7.1447096e+01   3.7663428e+01
   1.8750000e+01   7.7942286e+01   4.0858825e+01
   1.5000000e+01   8.4437477e+01   3.7021041e+01
   1.8750000e+01   9.0932667e+01   3.7614905e+01
   1.5000000e+01   9.7427858e+01   1.6762448e+01
   2.6250000e+01   0.0000000e+00   1.2572990e+01
   2.2500000e+01   6.4951905e+00   3.0581676e+01
   2.6250000e+01   1.2990381e+01   3.6471107e+01
   2.2500000e+01   1.9485572e+01   3.9171892e+01
   2.6250000e+01   2.5980762e+01   4.4232298e+01
   2.2500000e+01   3.2475953e+01   4.3719202e+01
   2.6250000e+01   3.8971143e+01   4.8443079e+01
   2.2500000e+01   4.5466334e+01   4.5460414e+01
   2.6250000e+01   5.1961524e+01   4.9974807e+01
   2.2500000e+01   5.8456715e+01   4.5742598e+01
   2.6250000e+01   6.4951905e+01   4.9613297e+01
   2.2500000e+01   7.1447096e+01   4.5048772e+01
   2.6250000e+01   7.7942286e+01   4.7161398e+01
   2.2500000e+01   8.4437477e+01   4.2328281e+01
   2.6250000e+01   9.0932667e+01   4.1520568e+01
   2.2500000e+01   9.7427858e+01   1.8493113e+01
   3.3750000e+01   0.0000000e+00   1.2361386e+01
   3.0000000e+01   6.4951905e+00   3.1268713e+01
   3.3750000e+01   1.2990381e+01   3.8216255e+01
   3.0000000e+01   1.9485572e+01   4.2447430e+01
   3.3750000e+01   2.5980762e+01   4.8869686e+01
   3.0000000e+01   3.2475953e+01   4.9734712e+01
   3.3750000e+01   3.8971143e+01   5.5625968e+01
   3.0000000e+01   4.5466334e+01   5.3496820e+01
   3.3750000e+01   5.1961524e+01   5.8475947e+01
   3.0000000e+01   5.8456715e+01   5.4267408e+01
   3.3750000e+01   6.4951905e+01   5.7669370e+01
   3.0000000e+01   7.1447096e+01   5.2326253e+01
   3.3750000e+01   7.7942286e+01   5.3304543e+01
   3.0000000e+01   8.4437477e+01   4.7328450e+01
   3.3750000e+01   9.0932667e+01   4.5062315e+01
   3.0000000e+01   9.7427858e+01   1.9964513e+01
   4.1250000e+01   0.0000000e+00   1.1942675e+01
   3.7500000e+01   6.4951905e+00   3.1583429e+01
   4.1250000e+01   1.2990381e+01   3.9795551e+01
   3.7500000e+01   1.9485572e+01   4.5574216e+01
   4.1250000e+01   2.5980762e+01   5.3569547e+01
   3.7500000e+01   3.2475953e+01   5.5788142e+01
   4.1250000e+01   3.8971143e+01   6.2972139e+01
   3.7500000e+01   4.5466334e+01   6.1589550e+01
   4.1250000e+01   5.1961524e+01   6.7089463e+01
   3.7500000e+01   5.8456715e+01   6.2783513e+01
   4.1250000e+01   6.4951905e+01   6.5762146e+01
   3.7500000e+01   7.1447096e+01   5.9542778e+01
   4.1250000e+01   7.7942286e+01   5.9369926e+01
   3.7500000e+01   8.4437477e+01   5.2116760e+01
   4.1250000e+01   9.0932667e+01   4.8340479e+01
   3.7500000e+01   9.7427858e+01   2.1245417e+01
   4.8750000e+01   0.0000000e+00   1.1394596e+01
   4.5000000e+01   6.4951905e+00   3.1693915e+01
   4.8750000e+01   1.2990381e+01   4.1387803e+01
   4.5000000e+01   1.9485572e+01   4.8758826e+01
   4.8750000e+01   2.5980762e+01   5.8555862e+01
   4.5000000e+01   3.2475953e+01   6.2086518e+01
   4.8750000e+01   3.8971143e+01   7.0706330e+01
   4.5000000e+01   4.5466334e+01   6.9938440e+01
   4.8750000e+01   5.1961524e+01   7.6026035e+01
   4.5000000e+01   5.8456715e+01   7.1465830e+01
   4.8750000e+01   6.4951905e+01   7.4047975e+01
   4.5000000e+01   7.1447096e+01   6.6810294e+01
   4.8750000e+01   7.7942286e+01   6.5459467e+01
   4.5000000e+01   8.4437477e+01   5.6782270e+01
   4.8750000e+01   9.0932667e+01   5.1429173e+01
   4.5000000e+01   9.7427858e+01   2.2374418e+01
   5.6250000e+01   0.0000000e+00   1.0788479e+01
   5.2500000e+01   6.4951905e+00   3.1743916e+01
   5.6250000e+01   1.2990381e+01   4.3186500e+01
   5.2500000e+01   1.9485572e+01   5.2219037e+01
   5.6250000e+01   2.5980762e+01   6.4082763e+01
   5.2500000e+01   3.2475953e+01   6.8871412e+01
   5.6250000e+01   3.8971143e+01   7.9063165e+01
   5.2500000e+01   4.5466334e+01   7.8770032e+01
   5.6250000e+01   5.1961524e+01   8.5482581e+01
   5.2500000e+01   5.8456715e+01   8.0501429e+01
   5.6250000e+01   6.4951905e+01   8.2667893e+01
   5.2500000e+01   7.1447096e+01   7.4254012e+01
   5.6250000e+01   7.7942286e+01   7.1664663e+01
   5.2500000e+01   8.4437477e+01   6.1407914e+01
   5.6250000e+01   9.0932667e+01   5.4391143e+01
   5.2500000e+01   9.7427858e+01   2.3378246e+01
   6.3750000e+01   0.0000000e+00   1.0185751e+01
   6.0000000e+01   6.4951905e+00   3.1883140e+01
   6.3750000e+01   1.2990381e+01   4.5493192e+01
   6.0000000e+01   1.9485572e+01   5.6226214e+01
   6.3750000e+01   2.5980762e+01   7.0431117e+01
   6.0000000e+01   3.2475953e+01   7.6389154e+01
   6.3750000e+01   3.8971143e+01   8.8227332e+01
   6.0000000e+01   4.5466334e+01   8.8276781e+01
   6.3750000e+01   5.1961524e+01   9.5578327e+01
   6.0000000e+01   5.8456715e+01   9.0029494e+01
   6.3750000e+01   6.4951905e+01   9.1688350e+01
   6.0000000e+01   7.1447096e+01   8.1962042e+01
   6.3750000e+01   7.7942286e+01   7.8029376e+01
   6.0000000e+01   8.4437477e+01   6.6059147e+01
   6.3750000e+01   9.0932667e+01   5.7285122e+01
   6.0000000e+01   9.7427858e+01   2.4283564e+01
   7.1250000e+01   0.0000000e+00   9.9262546e+00
   6.7500000e+01   6.4951905e+00   3.2467083e+01
   7.1250000e+01   1.2990381e+01   4.8895091e+01
   6.7500000e+01   1.9485572e+01   6.1153927e+01
   7.1250000e+01   2.5980762e+01   7.7850550e+01
   6.7500000e+01   3.2475953e+01   8.4831592e+01
   7.1250000e+01   3.8971143e+01   9.8244349e+01
   6.7500000e+01   4.5466334e+01   9.8544106e+01
   7.1250000e+01   5.1961524e+01   1.0627980e+02
   6.7500000e+01   5.8456715e+01   1.0007584e+02
   7.1250000e+01   6.4951905e+01   1.0103483e+02
   6.7500000e+01   7.1447096e+01   8.9929851e+01
   7.1250000e+01   7.7942286e+01   8.4500302e+01
   6.7500000e+01   8.4437477e+01   7.0762003e+01
   7.1250000e+01   9.0932667e+01   6.0164445e+01
   6.7500000e+01   9.7427858e+01   2.5130339e+01
   7.8750000e+01   0.0000000e+00   1.0891888e+01
   7.5000000e+01   6.4951905e+00   3.4516439e+01
   7.8750000e+01   1.2990381e+01   5.4225796e+01
   7.5000000e+01   1.9485572e+01   6.7426958e+01
   7.8750000e+01   2.5980762e+01   8.6374694e+01
   7.5000000e+01   3.2475953e+01   9.4215857e+01
   7.8750000e+01   3.8971143e+01   1.0889595e+02
   7.5000000e+01   4.5466334e+01   1.0945800e+02
   7.8750000e+01   5.1961524e+01   1.1731543e+02
   7.5000000e+01   5.8456715e+01   1.1047838e+02
   7.8750000e+01   6.4951905e+01   1.1041677e+02
   7.5000000e+01   7.1447096e+01   9.7994044e+01
   7.8750000e+01   7.7942286e+01   9.0861324e+01
   7.5000000e+01   8.4437477e+01   7.5460054e+01
   7.8750000e+01   9.0932667e+01   6.3036693e+01
   7.5000000e+01   9.7427858e+01   2.5984486e+01
   8.6250000e+01   0.0000000e+00   1.4552656e+01
   8.2500000e+01   6.4951905e+00   3.9677147e+01
   8.6250000e+01   1.2990381e+01   6.1731359e+01
   8.2500000e+01   1.9485572e+01   7.5173975e+01
   8.6250000e+01   2.5980762e+01   9.5532170e+01
   8.2500000e+01   3.2475953e+01   1.0420254e+02
   8.6250000e+01   3.8971143e+01   1.1956426e+02
   8.2500000e+01   4.5466334e+01   1.2060002e+02
   8.6250000e+01   5.1961524e+01   1.2808602e+02
   8.2500000e+01   5.8456715e+01   1.2080545e+02
   8.6250000e+01   6.4951905e+01   1.1924798e+02
   8.2500000e+01   7.1447096e+01   1.0575896e+02
   8.6250000e+01   7.7942286e+01   9.6667151e+01
   8.2500000e+01   8.4437477e+01   7.9941548e+01
   8.6250000e+01   9.0932667e+01   6.5744957e+01
   8.2500000e+01   9.7427858e+01   2.6902296e+01
   9.3750000e+01   0.0000000e+00   1.9340603e+01
   9.0000000e+01   6.4951905e+00   4.7776112e+01
   9.3750000e+01   1.2990381e+01   7.0129695e+01
   9.0000000e+01   1.9485572e+01   8.3709778e+01
   9.3750000e+01   2.5980762e+01   1.0419437e+02
   9.0000000e+01   3.2475953e+01   1.1393209e+02
   9.3750000e+01   3.8971143e+01   1.2912791e+02
   9.0000000e+01   4.5466334e+01   1.3114489e+02
   9.3750000e+01   5.1961524e+01   1.3756860e+02
   9.0000000e+01   5.8456715e+01   1.3026826e+02
   9.3750000e+01   6.4951905e+01   1.2657091e+02
   9.0000000e+01   7.1447096e+01   1.1253387e+02
   9.3750000e+01   7.7942286e+01   1.0122188e+02
   9.0000000e+01   8.4437477e+01   8.3777397e+01
   9.3750000e+01   9.0932667e+01   6.7899743e+01
   9.0000000e+01   9.7427858e+01   2.7789088e+01
   1.0125000e+02   0.0000000e+00   2.3768432e+01
   9.7500000e+01   6.4951905e+00   5.6193052e+01
   1.0125000e+02   1.2990381e+01   7.7470624e+01
   9.7500000e+01   1.9485572e+01   9.1549440e+01
   1.0125000e+02   2.5980762e+01   1.1078274e+02
   9.7500000e+01   3.2475953e+01   1.2200074e+02
   1.0125000e+02   3.8971143e+01   1.3591728e+02
   9.7500000e+01   4.5466334e+01   1.3975492e+02
   1.0125000e+02   5.1961524e+01   1.4417237e+02
   9.7500000e+01   5.8456715e+01   1.3761623e+02
   1.0125000e+02   6.4951905e+01   1.3101481e+02
   9.7500000e+01   7.1447096e+01   1.1731676e+02
   1.0125000e+02   7.7942286e+01   1.0365369e+02
   9.7500000e+01   8.4437477e+01   8.6364506e+01
   1.0125000e+02   9.0932667e+01   6.9054333e+01
   9.7500000e+01   9.7427858e+01   2.8408570e+01
   1.0875000e+02   0.0000000e+00   2.7078642e+01
   1.0500000e+02   6.4951905e+00   6.2983392e+01
   1.0875000e+02   1.2990381e+01   8.2241896e+01
   1.0500000e+02   1.9485572e+01   9.7048042e+01
   1.0875000e+02   2.5980762e+01   1.1374547e+02
   1.0500000e+02   3.2475953e+01   1.2665497e+02
   1.0875000e+02   3.8971143e+01   1.3784976e+02
   1.0500000e+02   4.5466334e+01   1.4442560e+02
   1.0875000e+02   5.1961524e+01   1.4553826e+02
   1.0500000e+02   5.8456715e+01   1.4102559e+02
   1.0875000e+02   6.4951905e+01   1.3094919e+02
   1.0500000e+02   7.1447096e+01   1.1889795e+02
   1.0875000e+02   7.7942286e+01   1.0310661e+02
   1.0500000e+02   8.4437477e+01   8.7082973e+01
   1.0875000e+02   9.0932667e+01   6.8917953e+01
   1.0500000e+02   9.7427858e+01   2.8625152e+01
   1.1625000e+02   0.0000000e+00   2.8876505e+01
   1.1250000e+02   6.4951905e+00   6.7079879e+01
   1.1625000e+02   1.2990381e+01   8.3590051e+01
   1.1250000e+02   1.9485572e+01   9.8972789e+01
   1.1625000e+02   2.5980762e+01   1.1209189e+02
   1.1250000e+02   3.2475953e+01   1.2631990e+02
   1.1625000e+02   3.8971143e+01   1.3337081e+02
   1.1250000e+02   4.5466334e+01   1.4263875e+02
   1.1625000e+02   5.1961524e+01   1.3935115e+02
   1.1250000e+02   5.8456715e+01   1.3835617e+02
   1.1625000e+02   6.4951905e+01   1.2520654e+02
   1.1250000e+02   7.1447096e+01   1.1620282e+02
   1.1625000e+02   7.7942286e+01   9.9007552e+01
   1.1250000e+02   8.4437477e+01   8.5448656e+01
   1.1625000e+02   9.0932667e+01   6.7303813e+01
   1.1250000e+02   9.7427858e+01   2.8463131e+01
   1.2375000e+02   0.0000000e+00   2.9020742e+01
   1.2000000e+02   6.4951905e+00   6.8009752e+01
   1.2375000e+02   1.2990381e+01   8.1266566e+01
   1.2000000e+02   1.9485572e+01   9.6765323e+01
   1.2375000e+02   2.5980762e+01   1.0570157e+02
   1.2000000e+02   3.2475953e+01   1.2039101e+02
   1.2375000e+02   3.8971143e+01   1.2273791e+02
   1.2000000e+02   4.5466334e+01   1.3347832e+02
   1.2375000e+02   5.1961524e+01   1.2637407e+02
   1.2000000e+02   5.8456715e+01   1.2884998e+02
   1.2375000e+02   6.4951905e+01   1.1391240e+02
   1.2000000e+02   7.1447096e+01   1.0879503e+02
   1.2375000e+02   7.7942286e+01   9.1252262e+01
   1.2000000e+02   8.4437477e+01   8.1181277e+01
   1.2375000e+02   9.0932667e+01   6.3967419e+01
   1.2000000e+02   9.7427858e+01   2.7851719e+01
   1.3125000e+02   0.0000000e+00   2.7554540e+01
   1.2750000e+02   6.4951905e+00   6.5731293e+01
   1.3125000e+02   1.2990381e+01   7.5483019e+01
   1.2750000e+02   1.9485572e+01   9.0530119e+01
   1.3125000e+02   2.5980762e+01   9.5167206e+01
   1.2750000e+02   3.2475953e+01   1.0944068e+02
   1.3125000e+02   3.8971143e+01   1.0738205e+02
   1.2750000e+02   4.5466334e+01   1.1857352e+02
   1.3125000e+02   5.1961524e+01   1.0859522e+02
   1.2750000e+02   5.8456715e+01   1.1376205e+02
   1.3125000e+02   6.4951905e+01   9.8132476e+01
   1.2750000e+02   7.1447096e+01   9.7033852e+01
   1.3125000e+02   7.7942286e+01   8.0165835e+01
   1.2750000e+02   8.4437477e+01   7.4223402e+01
   1.3125000e+02   9.0932667e+01   5.8691089e+01
   1.2750000e+02   9.7427858e+01   2.6536686e+01
   1.3875000e+02   0.0000000e+00   2.4627418e+01
   1.3500000e+02   6.4951905e+00   6.0481477e+01
   1.3875000e+02   1.2990381e+01   6.6701235e+01
   1.3500000e+02   1.9485572e+01   8.0811497e+01
   1.3875000e+02   2.5980762e+01   8.1389515e+01
   1.3500000e+02   3.2475953e+01   9.4598756e+01
   1.3875000e+02   3.8971143e+01   8.8728513e+01
   1.3500000e+02   4.5466334e+01   9.9692016e+01
   1.3875000e+02   5.1961524e+01   8.7531980e+01
   1.3500000e+02   5.8456715e+01   9.4671567e+01
   1.3875000e+02   6.4951905e+01   7.9081934e+01
   1.3500000e+02   7.1447096e+01   8.1737249e+01
   1.3875000e+02   7.7942286e+01   6.6330064e+01
   1.3500000e+02   8.4437477e+01   6.4738962e+01
   1.3875000e+02   9.0932667e+01   5.1434366e+01
   1.3500000e+02   9.7427858e+01   2.4342281e+01
   1.4625000e+02   0.0000000e+00   2.0378315e+01
   1.4250000e+02   6.4951905e+00   5.2594356e+01
   1.4625000e+02   1.2990381e+01   5.5319117e+01
   1.4250000e+02   1.9485572e+01   6.8289161e+01
   1.4625000e+02   2.5980762e+01   6.5162335e+01
   1.4250000e+02   3.2475953e+01   7.7013594e+01
   1.4625000e+02   3.8971143e+01   6.7929187e+01
   1.4250000e+02   4.5466334e+01   7.8172594e+01
   1.4625000e+02   5.1961524e+01   6.4335980e+01
   1.4250000e+02   5.8456715e+01   7.2863183e+01
   1.4625000e+02   6.4951905e+01   5.7910476e+01
   1.4250000e+02   7.1447096e+01   6.3866089e+01
   1.4625000e+02   7.7942286e+01   5.0423830e+01
   1.4250000e+02   8.4437477e+01   5.3057085e+01
   1.4625000e+02   9.0932667e+01   4.2221852e+01
   1.4250000e+02   9.7427858e+01   2.1223189e+01
   1.5375000e+02   0.0000000e+00   7.7245335e+00
   1.5000000e+02   6.4951905e+00   4.1879681e+01
   1.5375000e+02   1.2990381e+01   2.2487955e+01
   1.5000000e+02   1.9485572e+01   5.2879956e+01
   1.5375000e+02   2.5980762e+01   2.6084115e+01
   1.5000000e+02   3.2475953e+01   5.7007013e+01
   1.5375000e+02   3.8971143e+01   2.5905137e+01
   1.5000000e+02   4.5466334e+01   5.4710708e+01
   1.5375000e+02   5.1961524e+01   2.2815620e+01
   1.5000000e+02   5.8456715e+01   4.9235345e+01
   1.5375000e+02   6.4951905e+01   2.0163289e+01
   1.5000000e+02   7.1447096e+01   4.4203674e+01
   1.5375000e+02   7.7942286e+01   1.8179375e+01
   1.5000000e+02   8.4437477e+01   3.9320595e+01
   1.5375000e+02   9.0932667e+01   1.3824386e+01
   1.5000000e+02   9.7427858e+01   1.1699275e+01
