   2.5000000e+00   0.0000000e+00   6.8310196e+00
   0.0000000e+00   4.3301270e+00   9.1812369e+00
   2.5000000e+00   8.6602540e+00   2.5066371e+01
   0.0000000e+00   1.2990381e+01   1.2698847e+01
   2.5000000e+00   1.7320508e+01   2.7027167e+01
   0.0000000e+00   2.1650635e+01   1.3167289e+01
   2.5000000e+00   2.5980762e+01   2.7159468e+01
   0.0000000e+00   3.0310889e+01   1.2807596e+01
   2.5000000e+00   3.4641016e+01   2.6042589e+01
   0.0000000e+00   3.8971143e+01   1.1909191e+01
   2.5000000e+00   4.3301270e+01   2.4222652e+01
   0.0000000e+00   4.7631397e+01   1.0834722e+01
   2.5000000e+00   5.1961524e+01   2.2583445e+01
   0.0000000e+00   5.6291651e+01   1.0302798e+01
   2.5000000e+00   6.0621778e+01   2.2840980e+01
   0.0000000e+00   6.4951905e+01   1.1020028e+01
   2.5000000e+00   6.9282032e+01   2.4504275e+01
   0.0000000e+00   7.3612159e+01   1.2002534e+01
   2.5000000e+00   7.7942286e+01   2.6054653e+01
   0.0000000e+00   8.2272413e+01   1.2706952e+01
   2.5000000e+00   8.6602540e+01   2.6776565e+01
   0.0000000e+00   9.0932667e+01   1.2793401e+01
   2.5000000e+00   9.5262794e+01   2.5986670e+01
   0.0000000e+00   9.9592921e+01   5.7885310e+00
   7.5000000e+00   0.0000000e+00   1.1408766e+01
   5.0000000e+00   4.3301270e+00   2.4572617e+01
   7.5000000e+00   8.6602540e+00   2.8116411e+01
   5.0000000e+00   1.2990381e+01   2.8287948e+01
   7.5000000e+00   1.7320508e+01   3.0822343e+01
   5.0000000e+00   2.1650635e+01   2.9556185e+01
   7.5000000e+00   2.5980762e+01   3.1573352e+01
   5.0000000e+00   3.0310889e+01   2.9239243e+01
   7.5000000e+00   3.4641016e+01   3.0978897e+01
   5.0000000e+00   3.8971143e+01   2.7879525e+01
   7.5000000e+00   4.3301270e+01   2.9622638e+01
   5.0000000e+00   4.7631397e+01   2.6164006e+01
   7.5000000e+00   5.1961524e+01   2.8411793e+01
   5.0000000e+00   5.6291651e+01   2.5380744e+01
   7.5000000e+00   6.0621778e+01   2.8594598e+01
   5.0000000e+00   6.4951905e+01   2.6471118e+01
   7.5000000e+00   6.9282032e+01   2.9868159e+01
   5.0000000e+00   7.3612159e+01   2.8050288e+01
   7.5000000e+00   7.7942286e+01   3.1004469e+01
   5.0000000e+00   8.2272413e+01   2.9083671e+01
   7.5000000e+00   8.6602540e+01   3.1239032e+01
   5.0000000e+00   9.0932667e+01   2.8937994e+01
   7.5000000e+00   9.5262794e+01   2.9760085e+01
   5.0000000e+00   9.9592921e+01   1.3511926e+01
   1.2500000e+01   0.0000000e+00   1.2080569e+01
   1.0000000e+01   4.3301270e+00   2.6481757e+01
   1.2500000e+01   8.6602540e+00   3.0026007e+01
   1.0000000e+01   1.2990381e+01   3.1020352e+01
   1.2500000e+01   1.7320508e+01   3.3625597e+01
   1.0000000e+01   2.1650635e+01   3.3075209e+01
   1.2500000e+01   2.5980762e+01   3.5242129e+01
   1.0000000e+01   3.0310889e+01   3.3480486e+01
   1.2500000e+01   3.4641016e+01   3.5459321e+01
   1.0000000e+01   3.8971143e+01   3.2786818e+01
   1.2500000e+01   4.3301270e+01   3.4845073e+01
   1.0000000e+01   4.7631397e+01   3.1683317e+01
   1.2500000e+01   5.1961524e+01   3.4188693e+01
   1.0000000e+01   5.6291651e+01   3.1203250e+01
   1.2500000e+01   6.0621778e+01   3.4297658e+01
   1.0000000e+01   6.4951905e+01   3.1899572e+01
   1.2500000e+01   6.9282032e+01   3.5009091e+01
   1.0000000e+01   7.3612159e+01   3.2922206e+01
   1.2500000e+01   7.7942286e+01   3.5465471e+01
   1.0000000e+01   8.2272413e+01   3.3352586e+01
   1.2500000e+01   8.6602540e+01   3.4959770e+01
   1.0000000e+01   9.0932667e+01   3.2530310e+01
   1.2500000e+01   9.5262794e+01   3.2630486e+01
   1.0000000e+01   9.9592921e+01   1.5064799e+01
   1.7500000e+01   0.0000000e+00   1.2440379e+01
   1.5000000e+01   4.3301270e+00   2.7658514e+01
   1.7500000e+01   8.6602540e+00   3.1393397e+01
   1.5000000e+01   1.2990381e+01   3.3098899e+01
   1.7500000e+01   1.7320508e+01   3.5997907e+01
   1.5000000e+01   2.1650635e+01   3.6122495e+01
   1.7500000e+01   2.5980762e+01   3.8651343e+01
   1.5000000e+01   3.0310889e+01   3.7464961e+01
   1.7500000e+01   3.4641016e+01   3.9849565e+01
   1.5000000e+01   3.8971143e+01   3.7635929e+01
   1.7500000e+01   4.3301270e+01   4.0084419e+01
   1.5000000e+01   4.7631397e+01   3.7247030e+01
   1.7500000e+01   5.1961524e+01   3.9967985e+01
   1.5000000e+01   5.6291651e+01   3.7047475e+01
   1.7500000e+01   6.0621778e+01   4.0018942e+01
   1.5000000e+01   6.4951905e+01   3.7369527e+01
   1.7500000e+01   6.9282032e+01   4.0153687e+01
   1.5000000e+01   7.3612159e+01   3.7704577e+01
   1.7500000e+01   7.7942286e+01   3.9807337e+01
   1.5000000e+01   8.2272413e+01   3.7340967e+01
   1.7500000e+01   8.6602540e+01   3.8402537e+01
   1.5000000e+01   9.0932667e+01   3.5657972e+01
   1.7500000e+01   9.5262794e+01   3.5094853e+01
   1.5000000e+01   9.9592921e+01   1.6319521e+01
   2.2500000e+01   0.0000000e+00   1.2583623e+01
   2.0000000e+01   4.3301270e+00   2.8382996e+01
   2.2500000e+01   8.6602540e+00   3.2398912e+01
   2.0000000e+01   1.2990381e+01   3.4775161e+01
   2.2500000e+01   1.7320508e+01   3.8085863e+01
   2.0000000e+01   2.1650635e+01   3.8890651e+01
   2.2500000e+01   2.5980762e+01   4.1892879e+01
   2.0000000e+01   3.0310889e+01   4.1315378e+01
   2.2500000e+01   3.4641016e+01   4.4178122e+01
   2.0000000e+01   3.8971143e+01   4.2460339e+01
   2.2500000e+01   4.3301270e+01   4.5305692e+01
   2.0000000e+01   4.7631397e+01   4.2803976e+01
   2.2500000e+01   5.1961524e+01   4.5703443e+01
   2.0000000e+01   5.6291651e+01   4.2859537e+01
   2.2500000e+01   6.0621778e+01   4.5702333e+01
   2.0000000e+01   6.4951905e+01   4.2837506e+01
   2.2500000e+01   6.9282032e+01   4.5268855e+01
   2.0000000e+01   7.3612159e+01   4.2439666e+01
   2.2500000e+01   7.7942286e+01   4.4055707e+01
   2.0000000e+01   8.2272413e+01   4.1165611e+01
   2.2500000e+01   8.6602540e+01   4.1646146e+01
   2.0000000e+01   9.0932667e+01   3.8493717e+01
   2.2500000e+01   9.5262794e+01   3.7270028e+01
   2.0000000e+01   9.9592921e+01   1.7385294e+01
   2.7500000e+01   0.0000000e+00   1.2563472e+01
   2.5000000e+01   4.3301270e+00   2.8784477e+01
   2.7500000e+01   8.6602540e+00   3.3150346e+01
   2.5000000e+01   1.2990381e+01   3.6178920e+01
   2.7500000e+01   1.7320508e+01   3.9985222e+01
   2.5000000e+01   2.1650635e+01   4.1473348e+01
   2.7500000e+01   2.5980762e+01   4.5028576e+01
   2.5000000e+01   3.0310889e+01   4.5076654e+01
   2.7500000e+01   3.4641016e+01   4.8467122e+01
   2.5000000e+01   3.8971143e+01   4.7254785e+01
   2.7500000e+01   4.3301270e+01   5.0503678e+01
   2.5000000e+01   4.7631397e+01   4.8325527e+01
   2.7500000e+01   5.1961524e+01   5.1392678e+01
   2.5000000e+01   5.6291651e+01   4.8616086e+01
   2.7500000e+01   6.0621778e+01   5.1336237e+01
   2.5000000e+01   6.4951905e+01   4.8265679e+01
   2.7500000e+01   6.9282032e+01   5.0338439e+01
   2.5000000e+01   7.3612159e+01   4.7116912e+01
   2.7500000e+01   7.7942286e+01   4.8220235e+01
   2.5000000e+01   8.2272413e+01   4.4860004e+01
   2.7500000e+01   8.6602540e+01   4.4733494e+01
   2.5000000e+01   9.0932667e+01   4.1110325e+01
   2.7500000e+01   9.5262794e+01   3.9222621e+01
   2.5000000e+01   9.9592921e+01   1.8310765e+01
   3.2500000e+01   0.0000000e+00   1.2417039e+01
   3.0000000e+01   4.3301270e+00   2.8946874e+01
   3.2500000e+01   8.6602540e+00   3.3722900e+01
   3.0000000e+01   1.2990381e+01   3.7399045e+01
   3.2500000e+01   1.7320508e+01   4.1769857e+01
   3.0000000e+01   2.1650635e+01   4.3942971e+01
   3.2500000e+01   2.5980762e+01   4.8116359e+01
   3.0000000e+01   3.0310889e+01   4.8792497e+01
   3.2500000e+01   3.4641016e+01   5.2754121e+01
   3.0000000e+01   3.8971143e+01   5.2037254e+01
   3.2500000e+01   4.3301270e+01   5.5705648e+01
   3.0000000e+01   4.7631397e+01   5.3824238e+01
   3.2500000e+01   5.1961524e+01   5.7065627e+01
   3.0000000e+01   5.6291651e+01   5.4331174e+01
   3.2500000e+01   6.0621778e+01   5.6942069e+01
   3.0000000e+01   6.4951905e+01   5.3653335e+01
   3.2500000e+01   6.9282032e+01   5.5372528e+01
   3.0000000e+01   7.3612159e+01   5.1738982e+01
   3.2500000e+01   7.7942286e+01   5.2317536e+01
   3.0000000e+01   8.2272413e+01   4.8448521e+01
   3.2500000e+01   8.6602540e+01   4.7696930e+01
   3.0000000e+01   9.0932667e+01   4.3554455e+01
   3.2500000e+01   9.5262794e+01   4.0995496e+01
   3.0000000e+01   9.9592921e+01   1.9124331e+01
   3.7500000e+01   0.0000000e+00   1.2172885e+01
   3.5000000e+01   4.3301270e+00   2.8931579e+01
   3.7500000e+01   8.6602540e+00   3.4174457e+01
   3.5000000e+01   1.2990381e+01   3.8503103e+01
   3.7500000e+01   1.7320508e+01   4.3502455e+01
   3.5000000e+01   2.1650635e+01   4.6363534e+01
   3.7500000e+01   2.5980762e+01   5.1215956e+01
   3.5000000e+01   3.0310889e+01   5.2514665e+01
   3.7500000e+01   3.4641016e+01   5.7091778e+01
   3.5000000e+01   3.8971143e+01   5.6848954e+01
   3.7500000e+01   4.3301270e+01   6.0961520e+01
   3.5000000e+01   4.7631397e+01   5.9340862e+01
   3.7500000e+01   5.1961524e+01   6.2772723e+01
   3.5000000e+01   5.6291651e+01   6.0043877e+01
   3.7500000e+01   6.0621778e+01   6.2561630e+01
   3.5000000e+01   6.4951905e+01   5.9026193e+01
   3.7500000e+01   6.9282032e+01   6.0399886e+01
   3.5000000e+01   7.3612159e+01   5.6324879e+01
   3.7500000e+01   7.7942286e+01   5.6372344e+01
   3.5000000e+01   8.2272413e+01   5.1956156e+01
   3.7500000e+01   8.6602540e+01   5.0564270e+01
   3.5000000e+01   9.0932667e+01   4.5859564e+01
   3.7500000e+01   9.5262794e+01   4.2617792e+01
   3.5000000e+01   9.9592921e+01   1.9843685e+01
   4.2500000e+01   0.0000000e+00   1.1854907e+01
   4.0000000e+01   4.3301270e+00   2.8787548e+01
   4.2500000e+01   8.6602540e+00   3.4553813e+01
   4.0000000e+01   1.2990381e+01   3.9547547e+01
   4.2500000e+01   1.7320508e+01   4.5241240e+01
   4.0000000e+01   2.1650635e+01   4.8796550e+01
   4.2500000e+01   2.5980762e+01   5.4391119e+01
   4.0000000e+01   3.0310889e+01   5.6303513e+01
   4.2500000e+01   3.4641016e+01   6.1544095e+01
   4.0000000e+01   3.8971143e+01   6.1747757e+01
   4.2500000e+01   4.3301270e+01   6.6334862e+01
   4.0000000e+01   4.7631397e+01   6.4933351e+01
   4.2500000e+01   5.1961524e+01   6.8575589e+01
   4.0000000e+01   5.6291651e+01   6.5808073e+01
   4.2500000e+01   6.0621778e+01   6.8247329e+01
   4.0000000e+01   6.4951905e+01   6.4425536e+01
   4.2500000e+01   6.9282032e+01   6.5459566e+01
   4.0000000e+01   7.3612159e+01   6.0904901e+01
   4.2500000e+01   7.7942286e+01   6.0414536e+01
   4.0000000e+01   8.2272413e+01   5.5409695e+01
   4.2500000e+01   8.6602540e+01   5.3360962e+01
   4.0000000e+01   9.0932667e+01   4.8051624e+01
   4.2500000e+01   9.5262794e+01   4.4110680e+01
   4.0000000e+01   9.9592921e+01   2.0480376e+01
   4.7500000e+01   0.0000000e+00   1.1484868e+01
   4.5000000e+01   4.3301270e+00   2.8557165e+01
   4.7500000e+01   8.6602540e+00   3.4905800e+01
   4.5000000e+01   1.2990381e+01   4.0584240e+01
   4.7500000e+01   1.7320508e+01   4.7045190e+01
   4.5000000e+01   2.1650635e+01   5.1305063e+01
   4.7500000e+01   2.5980762e+01   5.7710937e+01
   4.5000000e+01   3.0310889e+01   6.0226813e+01
   4.7500000e+01   3.4641016e+01   6.6182269e+01
   4.5000000e+01   3.8971143e+01   6.6801606e+01
   4.7500000e+01   4.3301270e+01   7.1895208e+01
   4.5000000e+01   4.7631397e+01   7.0668126e+01
   4.7500000e+01   5.1961524e+01   7.4539040e+01
   4.5000000e+01   5.6291651e+01   7.1683984e+01
   4.7500000e+01   6.0621778e+01   7.4053977e+01
   4.5000000e+01   6.4951905e+01   6.9899318e+01
   4.7500000e+01   6.9282032e+01   7.0593413e+01
   4.5000000e+01   7.3612159e+01   6.5514628e+01
   4.7500000e+01   7.7942286e+01   6.4475239e+01
   4.5000000e+01   8.2272413e+01   5.8836626e+01
   4.7500000e+01   8.6602540e+01   5.6110652e+01
   4.5000000e+01   9.0932667e+01   5.0152322e+01
   4.7500000e+01   9.5262794e+01   4.5491010e+01
   4.5000000e+01   9.9592921e+01   2.1042497e+01
   5.2500000e+01   0.0000000e+00   1.1083917e+01
   5.0000000e+01   4.3301270e+00   2.8279790e+01
   5.2500000e+01   8.6602540e+00   3.5275152e+01
   5.0000000e+01   1.2990381e+01   4.1665710e+01
   5.2500000e+01   1.7320508e+01   4.8979734e+01
   5.0000000e+01   2.1650635e+01   5.3957292e+01
   5.2500000e+01   2.5980762e+01   6.1250859e+01
   5.0000000e+01   3.0310889e+01   6.4358097e+01
   5.2500000e+01   3.4641016e+01   7.1080162e+01
   5.0000000e+01   3.8971143e+01   7.2082277e+01
   5.2500000e+01   4.3301270e+01   7.7710657e+01
   5.0000000e+01   4.7631397e+01   7.6612291e+01
   5.2500000e+01   5.1961524e+01   8.0723334e+01
   5.0000000e+01   5.6291651e+01   7.7730445e+01
   5.2500000e+01   6.0621778e+01   8.0031088e+01
   5.0000000e+01   6.4951905e+01   7.5494381e+01
   5.2500000e+01   6.9282032e+01   7.5839061e+01
   5.0000000e+01   7.3612159e+01   7.0189025e+01
   5.2500000e+01   7.7942286e+01   6.8582577e+01
   5.0000000e+01   8.2272413e+01   6.2263139e+01
   5.2500000e+01   8.6602540e+01   5.8834865e+01
   5.0000000e+01   9.0932667e+01   5.2180904e+01
   5.2500000e+01   9.5262794e+01   4.6773984e+01
   5.0000000e+01   9.9592921e+01   2.1536551e+01
   5.7500000e+01   0.0000000e+00   1.0671382e+01
   5.5000000e+01   4.3301270e+00   2.7992664e+01
   5.7500000e+01   8.6602540e+00   3.5713081e+01
   5.5000000e+01   1.2990381e+01   4.2852294e+01
   5.7500000e+01   1.7320508e+01   5.1125474e+01
   5.5000000e+01   2.1650635e+01   5.6830890e+01
   5.7500000e+01   2.5980762e+01   6.5092936e+01
   5.5000000e+01   3.0310889e+01   6.8774151e+01
   5.7500000e+01   3.4641016e+01   7.6308311e+01
   5.5000000e+01   3.8971143e+01   7.7658585e+01
   5.7500000e+01   4.3301270e+01   8.3839629e+01
   5.5000000e+01   4.7631397e+01   8.2825661e+01
   5.7500000e+01   5.1961524e+01   8.7175892e+01
   5.5000000e+01   5.6291651e+01   8.3997059e+01
   5.7500000e+01   6.0621778e+01   8.6214930e+01
   5.5000000e+01   6.4951905e+01   8.1248924e+01
   5.7500000e+01   6.9282032e+01   8.1222794e+01
   5.5000000e+01   7.3612159e+01   7.4956469e+01
   5.7500000e+01   7.7942286e+01   7.2756882e+01
   5.5000000e+01   8.2272413e+01   6.5711492e+01
   5.7500000e+01   8.6602540e+01   6.1552041e+01
   5.5000000e+01   9.0932667e+01   5.4155373e+01
   5.7500000e+01   9.5262794e+01   4.7975729e+01
   5.5000000e+01   9.9592921e+01   2.1969127e+01
   6.2500000e+01   0.0000000e+00   1.0256765e+01
   6.0000000e+01   4.3301270e+00   2.7729925e+01
   6.2500000e+01   8.6602540e+00   3.6305148e+01
   6.0000000e+01   1.2990381e+01   4.4227799e+01
   6.2500000e+01   1.7320508e+01   5.3590993e+01
   6.0000000e+01   2.1650635e+01   6.0017600e+01
   6.2500000e+01   2.5980762e+01   6.9322960e+01
   6.0000000e+01   3.0310889e+01   7.3550171e+01
   6.2500000e+01   3.4641016e+01   8.1924810e+01
   6.0000000e+01   3.8971143e+01   8.3587786e+01
   6.2500000e+01   4.3301270e+01   9.0320827e+01
   6.0000000e+01   4.7631397e+01   8.9351766e+01
   6.2500000e+01   5.1961524e+01   9.3922003e+01
   6.0000000e+01   5.6291651e+01   9.0515717e+01
   6.2500000e+01   6.0621778e+01   9.2619901e+01
   6.0000000e+01   6.4951905e+01   8.7184551e+01
   6.2500000e+01   6.9282032e+01   8.6751746e+01
   6.0000000e+01   7.3612159e+01   7.9832226e+01
   6.2500000e+01   7.7942286e+01   7.7004939e+01
   6.0000000e+01   8.2272413e+01   6.9196568e+01
   6.2500000e+01   8.6602540e+01   6.4275709e+01
   6.0000000e+01   9.0932667e+01   5.6093377e+01
   6.2500000e+01   9.5262794e+01   4.9116430e+01
   6.0000000e+01   9.9592921e+01   2.2348967e+01
   6.7500000e+01   0.0000000e+00   9.9345248e+00
   6.5000000e+01   4.3301270e+00   2.7582215e+01
   6.7500000e+01   8.6602540e+00   3.7236222e+01
   6.5000000e+01   1.2990381e+01   4.5928815e+01
   6.7500000e+01   1.7320508e+01   5.6521860e+01
   6.5000000e+01   2.1650635e+01   6.3624327e+01
   6.7500000e+01   2.5980762e+01   7.4019723e+01
   6.5000000e+01   3.0310889e+01   7.8749933e+01
   6.7500000e+01   3.4641016e+01   8.7961321e+01
   6.5000000e+01   3.8971143e+01   8.9903975e+01
   6.7500000e+01   4.3301270e+01   9.7160880e+01
   6.5000000e+01   4.7631397e+01   9.6207347e+01
   6.7500000e+01   5.1961524e+01   1.0095437e+02
   6.5000000e+01   5.6291651e+01   9.7291193e+01
   6.7500000e+01   6.0621778e+01   9.9229048e+01
   6.5000000e+01   6.4951905e+01   9.3297553e+01
   6.7500000e+01   6.9282032e+01   9.2405121e+01
   6.5000000e+01   7.3612159e+01   8.4810896e+01
   6.7500000e+01   7.7942286e+01   8.1312779e+01
   6.5000000e+01   8.2272413e+01   7.2721080e+01
   6.7500000e+01   8.6602540e+01   6.7010936e+01
   6.5000000e+01   9.0932667e+01   5.8012598e+01
   6.7500000e+01   9.5262794e+01   5.0223940e+01
   6.5000000e+01   9.9592921e+01   2.2689957e+01
   7.2500000e+01   0.0000000e+00   9.9157899e+00
   7.0000000e+01   4.3301270e+00   2.7824182e+01
   7.2500000e+01   8.6602540e+00   3.8824665e+01
   7.0000000e+01   1.2990381e+01   4.8167757e+01
   7.2500000e+01   1.7320508e+01   6.0085994e+01
   7.0000000e+01   2.1650635e+01   6.7761119e+01
   7.2500000e+01   2.5980762e+01   7.9230884e+01
   7.0000000e+01   3.0310889e+01   8.4408033e+01
   7.2500000e+01   3.4641016e+01   9.4403501e+01
   7.0000000e+01   3.8971143e+01   9.6602900e+01
   7.2500000e+01   4.3301270e+01   1.0431989e+02
   7.0000000e+01   4.7631397e+01   1.0337032e+02
   7.2500000e+01   5.1961524e+01   1.0822175e+02
   7.0000000e+01   5.6291651e+01   1.0429087e+02
   7.2500000e+01   6.0621778e+01   1.0598382e+02
   7.0000000e+01   6.4951905e+01   9.9549306e+01
   7.2500000e+01   6.9282032e+01   9.8124476e+01
   7.0000000e+01   7.3612159e+01   8.9857628e+01
   7.2500000e+01   7.7942286e+01   8.5636799e+01
   7.0000000e+01   8.2272413e+01   7.6268661e+01
   7.2500000e+01   8.6602540e+01   6.9747435e+01
   7.0000000e+01   9.0932667e+01   5.9929011e+01
   7.2500000e+01   9.5262794e+01   5.1335207e+01
   7.0000000e+01   9.9592921e+01   2.3015225e+01
   7.7500000e+01   0.0000000e+00   1.0519289e+01
   7.5000000e+01   4.3301270e+00   2.8901125e+01
   7.7500000e+01   8.6602540e+00   4.1498777e+01
   7.5000000e+01   1.2990381e+01   5.1211790e+01
   7.7500000e+01   1.7320508e+01   6.4414337e+01
   7.5000000e+01   2.1650635e+01   7.2505226e+01
   7.7500000e+01   2.5980762e+01   8.4934441e+01
   7.5000000e+01   3.0310889e+01   9.0503312e+01
   7.7500000e+01   3.4641016e+01   1.0116756e+02
   7.5000000e+01   3.8971143e+01   1.0362384e+02
   7.7500000e+01   4.3301270e+01   1.1169593e+02
   7.5000000e+01   4.7631397e+01   1.1076678e+02
   7.7500000e+01   5.1961524e+01   1.1561720e+02
   7.5000000e+01   5.6291651e+01   1.1143385e+02
   7.7500000e+01   6.0621778e+01   1.1277332e+02
   7.5000000e+01   6.4951905e+01   1.0585596e+02
   7.7500000e+01   6.9282032e+01   1.0380350e+02
   7.5000000e+01   7.3612159e+01   9.4898354e+01
   7.7500000e+01   7.7942286e+01   8.9893899e+01
   7.5000000e+01   8.2272413e+01   7.9794433e+01
   7.7500000e+01   8.6602540e+01   7.2448051e+01
   7.5000000e+01   9.0932667e+01   6.1849231e+01
   7.7500000e+01   9.5262794e+01   5.2486287e+01
   7.5000000e+01   9.9592921e+01   2.3359822e+01
   8.2500000e+01   0.0000000e+00   1.2350678e+01
   8.0000000e+01   4.3301270e+00   3.1509251e+01
   8.2500000e+01   8.6602540e+00   4.5597264e+01
   8.0000000e+01   1.2990381e+01   5.5277594e+01
   8.2500000e+01   1.7320508e+01   6.9494530e+01
   8.0000000e+01   2.1650635e+01   7.7840231e+01
   8.2500000e+01   2.5980762e+01   9.0995820e+01
   8.0000000e+01   3.0310889e+01   9.6927705e+01
   8.2500000e+01   3.4641016e+01   1.0807778e+02
   8.0000000e+01   3.8971143e+01   1.1083080e+02
   8.2500000e+01   4.3301270e+01   1.1911021e+02
   8.0000000e+01   4.7631397e+01   1.1825789e+02
   8.2500000e+01   5.1961524e+01   1.2296634e+02
   8.0000000e+01   5.6291651e+01   1.1857974e+02
   8.2500000e+01   6.0621778e+01   1.1942314e+02
   8.0000000e+01   6.4951905e+01   1.1207778e+02
   8.2500000e+01   6.9282032e+01   1.0927821e+02
   8.0000000e+01   7.3612159e+01   9.9810117e+01
   8.2500000e+01   7.7942286e+01   9.3952826e+01
   8.0000000e+01   8.2272413e+01   8.3214363e+01
   8.2500000e+01   8.6602540e+01   7.5035127e+01
   8.0000000e+01   9.0932667e+01   6.3752831e+01
   8.2500000e+01   9.5262794e+01   5.3678254e+01
   8.0000000e+01   9.9592921e+01   2.3760312e+01
   8.7500000e+01   0.0000000e+00   1.5269648e+01
   8.5000000e+01   4.3301270e+00   3.6059998e+01
   8.7500000e+01   8.6602540e+00   5.0889666e+01
   8.5000000e+01   1.2990381e+01   6.0321161e+01
   8.7500000e+01   1.7320508e+01   7.5080348e+01
   8.5000000e+01   2.1650635e+01   8.3594226e+01
   8.7500000e+01   2.5980762e+01   9.7142238e+01
   8.5000000e+01   3.0310889e+01   1.0346079e+02
   8.7500000e+01   3.4641016e+01   1.1485127e+02
   8.5000000e+01   3.8971143e+01   1.1799617e+02
   8.7500000e+01   4.3301270e+01   1.2629380e+02
   8.5000000e+01   4.7631397e+01   1.2562742e+02
   8.7500000e+01   5.1961524e+01   1.3001542e+02
   8.5000000e+01   5.6291651e+01   1.2551711e+02
   8.7500000e+01   6.0621778e+01   1.2568361e+02
   8.5000000e+01   6.4951905e+01   1.1800860e+02
   8.7500000e+01   6.9282032e+01   1.1431879e+02
   8.5000000e+01   7.3612159e+01   1.0441344e+02
   8.7500000e+01   7.7942286e+01   9.7630293e+01
   8.5000000e+01   8.2272413e+01   8.6397719e+01
   8.7500000e+01   8.6602540e+01   7.7383967e+01
   8.5000000e+01   9.0932667e+01   6.5570557e+01
   8.7500000e+01   9.5262794e+01   5.4838720e+01
   8.5000000e+01   9.9592921e+01   2.4216175e+01
   9.2500000e+01   0.0000000e+00   1.8509228e+01
   9.0000000e+01   4.3301270e+00   4.1694099e+01
   9.2500000e+01   8.6602540e+00   5.6645112e+01
   9.0000000e+01   1.2990381e+01   6.5928575e+01
   9.2500000e+01   1.7320508e+01   8.0718250e+01
   9.0000000e+01   2.1650635e+01   8.9423269e+01
   9.2500000e+01   2.5980762e+01   1.0297340e+02
   9.0000000e+01   3.0310889e+01   1.0976184e+02
   9.2500000e+01   3.4641016e+01   1.2109444e+02
   9.0000000e+01   3.8971143e+01   1.2478902e+02
   9.2500000e+01   4.3301270e+01   1.3287526e+02
   9.0000000e+01   4.7631397e+01   1.3256922e+02
   9.2500000e+01   5.1961524e+01   1.3641708e+02
   9.0000000e+01   5.6291651e+01   1.3195044e+02
   9.2500000e+01   6.0621778e+01   1.3121657e+02
   9.0000000e+01   6.4951905e+01   1.2336570e+02
   9.2500000e+01   6.9282032e+01   1.1862533e+02
   9.0000000e+01   7.3612159e+01   1.0846933e+02
   9.2500000e+01   7.7942286e+01   1.0069539e+02
   9.0000000e+01   8.2272413e+01   8.9168616e+01
   9.2500000e+01   8.6602540e+01   7.9333272e+01
   9.0000000e+01   9.0932667e+01   6.7181138e+01
   9.2500000e+01   9.5262794e+01   5.5837784e+01
   9.0000000e+01   9.9592921e+01   2.4664030e+01
   9.7500000e+01   0.0000000e+00   2.1647824e+01
   9.5000000e+01   4.3301270e+00   4.7439755e+01
   9.7500000e+01   8.6602540e+00   6.2151949e+01
   9.5000000e+01   1.2990381e+01   7.1494527e+01
   9.7500000e+01   1.7320508e+01   8.5873972e+01
   9.5000000e+01   2.1650635e+01   9.4861813e+01
   9.7500000e+01   2.5980762e+01   1.0800780e+02
   9.5000000e+01   3.0310889e+01   1.1538531e+02
   9.7500000e+01   3.4641016e+01   1.2631341e+02
   9.5000000e+01   3.8971143e+01   1.3076811e+02
   9.7500000e+01   4.3301270e+01   1.3836529e+02
   9.5000000e+01   4.7631397e+01   1.3867133e+02
   9.7500000e+01   5.1961524e+01   1.4170877e+02
   9.5000000e+01   5.6291651e+01   1.3748302e+02
   9.7500000e+01   6.0621778e+01   1.3558081e+02
   9.5000000e+01   6.4951905e+01   1.2778193e+02
   9.7500000e+01   6.9282032e+01   1.2183182e+02
   9.5000000e+01   7.3612159e+01   1.1168425e+02
   9.7500000e+01   7.7942286e+01   1.0288442e+02
   9.5000000e+01   8.2272413e+01   9.1319599e+01
   9.7500000e+01   8.6602540e+01   8.0710646e+01
   9.5000000e+01   9.0932667e+01   6.8440421e+01
   9.7500000e+01   9.5262794e+01   5.6554855e+01
   9.5000000e+01   9.9592921e+01   2.5021580e+01
   1.0250000e+02   0.0000000e+00   2.4420103e+01
   1.0000000e+02   4.3301270e+00   5.2681918e+01
   1.0250000e+02   8.6602540e+00   6.6883096e+01
   1.0000000e+02   1.2990381e+01   7.6445101e+01
   1.0250000e+02   1.7320508e+01   9.0049552e+01
   1.0000000e+02   2.1650635e+01   9.9408517e+01
   1.0250000e+02   2.5980762e+01   1.1174924e+02
   1.0000000e+02   3.0310889e+01   1.1981932e+02
   1.0250000e+02   3.4641016e+01   1.2994497e+02
   1.0000000e+02   3.8971143e+01   1.3538058e+02
   1.0250000e+02   4.3301270e+01   1.4213665e+02
   1.0000000e+02   4.7631397e+01   1.4338957e+02
   1.0250000e+02   5.1961524e+01   1.4527470e+02
   1.0000000e+02   5.6291651e+01   1.4159209e+02
   1.0250000e+02   6.0621778e+01   1.3822406e+02
   1.0000000e+02   6.4951905e+01   1.3080638e+02
   1.0250000e+02   6.9282032e+01   1.2352882e+02
   1.0000000e+02   7.3612159e+01   1.1372763e+02
   1.0250000e+02   7.7942286e+01   1.0392664e+02
   1.0000000e+02   8.2272413e+01   9.2634341e+01
   1.0250000e+02   8.6602540e+01   8.1359503e+01
   1.0000000e+02   9.0932667e+01   6.9222739e+01
   1.0250000e+02   9.5262794e+01   5.6931349e+01
   1.0000000e+02   9.9592921e+01   2.5242446e+01
   1.0750000e+02   0.0000000e+00   2.6647518e+01
   1.0500000e+02   4.3301270e+00   5.7023876e+01
   1.0750000e+02   8.6602540e+00   7.0474283e+01
   1.0500000e+02   1.2990381e+01   8.0326703e+01
   1.0750000e+02   1.7320508e+01   9.2847844e+01
   1.0500000e+02   2.1650635e+01   1.0260672e+02
   1.0750000e+02   2.5980762e+01   1.1376140e+02
   1.0500000e+02   3.0310889e+01   1.2254882e+02
   1.0750000e+02   3.4641016e+01   1.3143132e+02
   1.0500000e+02   3.8971143e+01   1.3798352e+02
   1.0750000e+02   4.3301270e+01   1.4343129e+02
   1.0500000e+02   4.7631397e+01   1.4600201e+02
   1.0750000e+02   5.1961524e+01   1.4629692e+02
   1.0500000e+02   5.6291651e+01   1.4360290e+02
   1.0750000e+02   6.0621778e+01   1.3852263e+02
   1.0500000e+02   6.4951905e+01   1.3193433e+02
   1.0750000e+02   6.9282032e+01   1.2332019e+02
   1.0500000e+02   7.3612159e+01   1.1426812e+02
   1.0750000e+02   7.7942286e+01   1.0357961e+02
   1.0500000e+02   8.2272413e+01   9.2913139e+01
   1.0750000e+02   8.6602540e+01   8.1154153e+01
   1.0500000e+02   9.0932667e+01   6.9444247e+01
   1.0750000e+02   9.5262794e+01   5.6974245e+01
   1.0500000e+02   9.9592921e+01   2.5337712e+01
   1.1250000e+02   0.0000000e+00   2.8214971e+01
   1.1000000e+02   4.3301270e+00   6.0211584e+01
   1.1250000e+02   8.6602540e+00   7.2694178e+01
   1.1000000e+02   1.2990381e+01   8.2820643e+01
   1.1250000e+02   1.7320508e+01   9.4001482e+01
   1.1000000e+02   2.1650635e+01   1.0410549e+02
   1.1250000e+02   2.5980762e+01   1.1374032e+02
   1.1000000e+02   3.0310889e+01   1.2314729e+02
   1.1250000e+02   3.4641016e+01   1.3036155e+02
   1.1000000e+02   3.8971143e+01   1.3795355e+02
   1.1250000e+02   4.3301270e+01   1.4156404e+02
   1.1000000e+02   4.7631397e+01   1.4562118e+02
   1.1250000e+02   5.1961524e+01   1.4393048e+02
   1.1000000e+02   5.6291651e+01   1.4274791e+02
   1.1250000e+02   6.0621778e+01   1.3596515e+02
   1.1000000e+02   6.4951905e+01   1.3070387e+02
   1.1250000e+02   6.9282032e+01   1.2091724e+02
   1.1000000e+02   7.3612159e+01   1.1302987e+02
   1.1250000e+02   7.7942286e+01   1.0166765e+02
   1.1000000e+02   8.2272413e+01   9.1995316e+01
   1.1250000e+02   8.6602540e+01   7.9999502e+01
   1.1000000e+02   9.0932667e+01   6.9052998e+01
   1.1250000e+02   9.5262794e+01   5.6697803e+01
   1.1000000e+02   9.9592921e+01   2.5357467e+01
   1.1750000e+02   0.0000000e+00   2.9059391e+01
   1.1500000e+02   4.3301270e+00   6.2098397e+01
   1.1750000e+02   8.6602540e+00   7.3423597e+01
   1.1500000e+02   1.2990381e+01   8.3738474e+01
   1.1750000e+02   1.7320508e+01   9.3380461e+01
   1.1500000e+02   2.1650635e+01   1.0369850e+02
   1.1750000e+02   2.5980762e+01   1.1156208e+02
   1.1500000e+02   3.0310889e+01   1.2137700e+02
   1.1750000e+02   3.4641016e+01   1.2661849e+02
   1.1500000e+02   3.8971143e+01   1.3494444e+02
   1.1750000e+02   4.3301270e+01   1.3641200e+02
   1.1500000e+02   4.7631397e+01   1.4166048e+02
   1.1750000e+02   5.1961524e+01   1.3804453e+02
   1.1500000e+02   5.6291651e+01   1.3856503e+02
   1.1750000e+02   6.0621778e+01   1.3043945e+02
   1.1500000e+02   6.4951905e+01   1.2685991e+02
   1.1750000e+02   6.9282032e+01   1.1622590e+02
   1.1500000e+02   7.3612159e+01   1.0985313e+02
   1.1750000e+02   7.7942286e+01   9.8109886e+01
   1.1500000e+02   8.2272413e+01   8.9774703e+01
   1.1750000e+02   8.6602540e+01   7.7824455e+01
   1.1500000e+02   9.0932667e+01   6.7994379e+01
   1.1750000e+02   9.5262794e+01   5.6041265e+01
   1.1500000e+02   9.9592921e+01   2.5315506e+01
   1.2250000e+02   0.0000000e+00   2.9161054e+01
   1.2000000e+02   4.3301270e+00   6.2623086e+01
   1.2250000e+02   8.6602540e+00   7.2636862e+01
   1.2000000e+02   1.2990381e+01   8.3009893e+01
   1.2250000e+02   1.7320508e+01   9.0981083e+01
   1.2000000e+02   2.1650635e+01   1.0133426e+02
   1.2250000e+02   2.5980762e+01   1.0728167e+02
   1.2000000e+02   3.0310889e+01   1.1723717e+02
   1.2250000e+02   3.4641016e+01   1.2038547e+02
   1.2000000e+02   3.8971143e+01   1.2906961e+02
   1.2250000e+02   4.3301270e+01   1.2843749e+02
   1.2000000e+02   4.7631397e+01   1.3445864e+02
   1.2250000e+02   5.1961524e+01   1.2926512e+02
   1.2000000e+02   5.6291651e+01   1.3128001e+02
   1.2250000e+02   6.0621778e+01   1.2225245e+02
   1.2000000e+02   6.4951905e+01   1.2045608e+02
   1.2250000e+02   6.9282032e+01   1.0935641e+02
   1.2000000e+02   7.3612159e+01   1.0472565e+02
   1.2250000e+02   7.7942286e+01   9.2925213e+01
   1.2000000e+02   8.2272413e+01   8.6206700e+01
   1.2250000e+02   8.6602540e+01   7.4582587e+01
   1.2000000e+02   9.0932667e+01   6.6189740e+01
   1.2250000e+02   9.5262794e+01   5.4866090e+01
   1.2000000e+02   9.9592921e+01   2.5130790e+01
   1.2750000e+02   0.0000000e+00   2.8534524e+01
   1.2500000e+02   4.3301270e+00   6.1791101e+01
   1.2750000e+02   8.6602540e+00   7.0380980e+01
   1.2500000e+02   1.2990381e+01   8.0662996e+01
   1.2750000e+02   1.7320508e+01   8.6899192e+01
   1.2500000e+02   2.1650635e+01   9.7095232e+01
   1.2750000e+02   2.5980762e+01   1.0108632e+02
   1.2500000e+02   3.0310889e+01   1.1092179e+02
   1.2750000e+02   3.4641016e+01   1.1201235e+02
   1.2500000e+02   3.8971143e+01   1.2074236e+02
   1.2750000e+02   4.3301270e+01   1.1821656e+02
   1.2500000e+02   4.7631397e+01   1.2470850e+02
   1.2750000e+02   5.1961524e+01   1.1824407e+02
   1.2500000e+02   5.6291651e+01   1.2147165e+02
   1.2750000e+02   6.0621778e+01   1.1186484e+02
   1.2500000e+02   6.4951905e+01   1.1177764e+02
   1.2750000e+02   6.9282032e+01   1.0055294e+02
   1.2500000e+02   7.3612159e+01   9.7765271e+01
   1.2750000e+02   7.7942286e+01   8.6214540e+01
   1.2500000e+02   8.2272413e+01   8.1307175e+01
   1.2750000e+02   8.6602540e+01   7.0261192e+01
   1.2500000e+02   9.0932667e+01   6.3554980e+01
   1.2750000e+02   9.5262794e+01   5.3031982e+01
   1.2500000e+02   9.9592921e+01   2.4685199e+01
   1.3250000e+02   0.0000000e+00   2.7218220e+01
   1.3000000e+02   4.3301270e+00   5.9655620e+01
   1.3250000e+02   8.6602540e+00   6.6751759e+01
   1.3000000e+02   1.2990381e+01   7.6797772e+01
   1.3250000e+02   1.7320508e+01   8.1294649e+01
   1.3000000e+02   2.1650635e+01   9.1156543e+01
   1.3250000e+02   2.5980762e+01   9.3234114e+01
   1.3000000e+02   3.0310889e+01   1.0272975e+02
   1.3250000e+02   3.4641016e+01   1.0188787e+02
   1.3000000e+02   3.8971143e+01   1.1043018e+02
   1.3250000e+02   4.3301270e+01   1.0623726e+02
   1.3000000e+02   4.7631397e+01   1.1298096e+02
   1.3250000e+02   5.1961524e+01   1.0547367e+02
   1.3000000e+02   5.6291651e+01   1.0967229e+02
   1.3250000e+02   6.0621778e+01   9.9712062e+01
   1.3000000e+02   6.4951905e+01   1.0119190e+02
   1.3250000e+02   6.9282032e+01   9.0113217e+01
   1.3000000e+02   7.3612159e+01   8.9172818e+01
   1.3250000e+02   7.7942286e+01   7.8133825e+01
   1.3000000e+02   8.2272413e+01   7.5144569e+01
   1.3250000e+02   8.6602540e+01   6.4887209e+01
   1.3000000e+02   9.0932667e+01   6.0034314e+01
   1.3250000e+02   9.5262794e+01   5.0449424e+01
   1.3000000e+02   9.9592921e+01   2.3892936e+01
   1.3750000e+02   0.0000000e+00   2.5261777e+01
   1.3500000e+02   4.3301270e+00   5.6297030e+01
   1.3750000e+02   8.6602540e+00   6.1865623e+01
   1.3500000e+02   1.2990381e+01   7.1555014e+01
   1.3750000e+02   1.7320508e+01   7.4351632e+01
   1.3500000e+02   2.1650635e+01   8.3739709e+01
   1.3750000e+02   2.5980762e+01   8.4000625e+01
   1.3500000e+02   3.0310889e+01   9.2989891e+01
   1.3750000e+02   3.4641016e+01   9.0380037e+01
   1.3500000e+02   3.8971143e+01   9.8556707e+01
   1.3750000e+02   4.3301270e+01   9.2902366e+01
   1.3500000e+02   4.7631397e+01   9.9714900e+01
   1.3750000e+02   5.1961524e+01   9.1342786e+01
   1.3500000e+02   5.6291651e+01   9.6309361e+01
   1.3750000e+02   6.0621778e+01   8.6172882e+01
   1.3500000e+02   6.4951905e+01   8.9062349e+01
   1.3750000e+02   6.9282032e+01   7.8345633e+01
   1.3500000e+02   7.3612159e+01   7.9189396e+01
   1.3750000e+02   7.7942286e+01   6.8870941e+01
   1.3500000e+02   8.2272413e+01   6.7827521e+01
   1.3750000e+02   8.6602540e+01   5.8521462e+01
   1.3500000e+02   9.0932667e+01   5.5614423e+01
   1.3750000e+02   9.5262794e+01   4.7078681e+01
   1.3500000e+02   9.9592921e+01   2.2712197e+01
   1.4250000e+02   0.0000000e+00   2.2706203e+01
   1.4000000e+02   4.3301270e+00   5.1796777e+01
   1.4250000e+02   8.6602540e+00   5.5813553e+01
   1.4000000e+02   1.2990381e+01   6.5076878e+01
   1.4250000e+02   1.7320508e+01   6.6219433e+01
   1.4000000e+02   2.1650635e+01   7.5063781e+01
   1.4250000e+02   2.5980762e+01   7.3617403e+01
   1.4000000e+02   3.0310889e+01   8.2011264e+01
   1.4250000e+02   3.4641016e+01   7.7797754e+01
   1.4000000e+02   3.8971143e+01   8.5488991e+01
   1.4250000e+02   4.3301270e+01   7.8546516e+01
   1.4000000e+02   4.7631397e+01   8.5271685e+01
   1.4250000e+02   5.1961524e+01   7.6175445e+01
   1.4000000e+02   5.6291651e+01   8.1739161e+01
   1.4250000e+02   6.0621778e+01   7.1582047e+01
   1.4000000e+02   6.4951905e+01   7.5730766e+01
   1.4250000e+02   6.9282032e+01   6.5554652e+01
   1.4000000e+02   7.3612159e+01   6.8072563e+01
   1.4250000e+02   7.7942286e+01   5.8622787e+01
   1.4000000e+02   8.2272413e+01   5.9488236e+01
   1.4250000e+02   8.6602540e+01   5.1234475e+01
   1.4000000e+02   9.0932667e+01   5.0311301e+01
   1.4250000e+02   9.5262794e+01   4.2890877e+01
   1.4000000e+02   9.9592921e+01   2.1125577e+01
   1.4750000e+02   0.0000000e+00   1.9507606e+01
   1.4500000e+02   4.3301270e+00   4.6174887e+01
   1.4750000e+02   8.6602540e+00   4.8453039e+01
   1.4500000e+02   1.2990381e+01   5.7411345e+01
   1.4750000e+02   1.7320508e+01   5.6744496e+01
   1.4500000e+02   2.1650635e+01   6.5236140e+01
   1.4750000e+02   2.5980762e+01   6.1983175e+01
   1.4500000e+02   3.0310889e+01   6.9984375e+01
   1.4750000e+02   3.4641016e+01   6.4134145e+01
   1.4500000e+02   3.8971143e+01   7.1484564e+01
   1.4750000e+02   4.3301270e+01   6.3253073e+01
   1.4500000e+02   4.7631397e+01   6.9925717e+01
   1.4750000e+02   5.1961524e+01   6.0102898e+01
   1.4500000e+02   5.6291651e+01   6.6246858e+01
   1.4750000e+02   6.0621778e+01   5.6128369e+01
   1.4500000e+02   6.4951905e+01   6.1502056e+01
   1.4750000e+02   6.9282032e+01   5.1931051e+01
   1.4500000e+02   7.3612159e+01   5.6061209e+01
   1.4750000e+02   7.7942286e+01   4.7470392e+01
   1.4500000e+02   8.2272413e+01   5.0237186e+01
   1.4750000e+02   8.6602540e+01   4.2974060e+01
   1.4500000e+02   9.0932667e+01   4.4113488e+01
   1.4750000e+02   9.5262794e+01   3.7678568e+01
   1.4500000e+02   9.9592921e+01   1.9081129e+01
   1.5250000e+02   0.0000000e+00   8.2585280e+00
   1.5000000e+02   4.3301270e+00   3.8684594e+01
   1.5250000e+02   8.6602540e+00   2.1606744e+01
   1.5000000e+02   1.2990381e+01   4.7476078e+01
   1.5250000e+02   1.7320508e+01   2.5519957e+01
   1.5000000e+02   2.1650635e+01   5.3021226e+01
   1.5250000e+02   2.5980762e+01   2.7751119e+01
   1.5000000e+02   3.0310889e+01   5.5706445e+01
   1.5250000e+02   3.4641016e+01   2.8280304e+01
   1.5000000e+02   3.8971143e+01   5.5541755e+01
   1.5250000e+02   4.3301270e+01   2.7184365e+01
   1.5000000e+02   4.7631397e+01   5.2949854e+01
   1.5250000e+02   5.1961524e+01   2.5039349e+01
   1.5000000e+02   5.6291651e+01   4.9329804e+01
   1.5250000e+02   6.0621778e+01   2.3006231e+01
   1.5000000e+02   6.4951905e+01   4.5994722e+01
   1.5250000e+02   6.9282032e+01   2.1344862e+01
   1.5000000e+02   7.3612159e+01   4.2754347e+01
   1.5250000e+02   7.7942286e+01   1.9746727e+01
   1.5000000e+02   8.2272413e+01   3.9568279e+01
   1.5250000e+02   8.6602540e+01   1.8316923e+01
   1.5000000e+02   9.0932667e+01   3.6385929e+01
   1.5250000e+02   9.5262794e+01   1.3952393e+01
   1.5000000e+02   9.9592921e+01   1.1272879e+01
