   1.8750000e+00   0.0000000e+00   6.7420760e+00
   0.0000000e+00   3.2475953e+00   8.9326931e+00
   1.8750000e+00   6.4951905e+00   2.3621917e+01
   0.0000000e+00   9.7427858e+00   1.2278089e+01
   1.8750000e+00   1.2990381e+01   2.5662721e+01
   0.0000000e+00   1.6237976e+01   1.3027294e+01
   1.8750000e+00   1.9485572e+01   2.6473682e+01
   0.0000000e+00   2.2733167e+01   1.3193551e+01
   1.8750000e+00   2.5980762e+01   2.6385777e+01
   0.0000000e+00   2.9228357e+01   1.2916935e+01
   1.8750000e+00   3.2475953e+01   2.5614804e+01
   0.0000000e+00   3.5723548e+01   1.2315264e+01
   1.8750000e+00   3.8971143e+01   2.4371250e+01
   0.0000000e+00   4.2218738e+01   1.1522408e+01
   1.8750000e+00   4.5466334e+01   2.2927181e+01
   0.0000000e+00   4.8713929e+01   1.0729682e+01
   1.8750000e+00   5.1961524e+01   2.1738266e+01
   0.0000000e+00   5.5209119e+01   1.0296675e+01
   1.8750000e+00   5.8456715e+01   2.1713671e+01
   0.0000000e+00   6.1704310e+01   1.0690527e+01
   1.8750000e+00   6.4951905e+01   2.2802052e+01
   0.0000000e+00   6.8199501e+01   1.1415953e+01
   1.8750000e+00   7.1447096e+01   2.4122820e+01
   0.0000000e+00   7.4694691e+01   1.2136304e+01
   1.8750000e+00   7.7942286e+01   2.5245850e+01
   0.0000000e+00   8.1189882e+01   1.2666058e+01
   1.8750000e+00   8.4437477e+01   2.5902746e+01
   0.0000000e+00   8.7685072e+01   1.2855657e+01
   1.8750000e+00   9.0932667e+01   2.5808360e+01
   0.0000000e+00   9.4180263e+01   1.0405739e+01
   1.8750000e+00   9.7427858e+01   8.4669694e+00
   5.6250000e+00   0.0000000e+00   1.1083161e+01
   3.7500000e+00   3.2475953e+00   2.3220781e+01
   5.6250000e+00   6.4951905e+00   2.6221185e+01
   3.7500000e+00   9.7427858e+00   2.6512111e+01
   5.6250000e+00   1.2990381e+01   2.8733059e+01
   3.7500000e+00   1.6237976e+01   2.8091079e+01
   5.6250000e+00   1.9485572e+01   2.9914701e+01
   3.7500000e+00   2.2733167e+01   2.8573770e+01
   5.6250000e+00   2.5980762e+01   3.0119758e+01
   3.7500000e+00   2.9228357e+01   2.8222945e+01
   5.6250000e+00   3.2475953e+01   2.9581581e+01
   3.7500000e+00   3.5723548e+01   2.7256064e+01
   5.6250000e+00   3.8971143e+01   2.8529542e+01
   3.7500000e+00   4.2218738e+01   2.5920432e+01
   5.6250000e+00   4.5466334e+01   2.7262685e+01
   3.7500000e+00   4.8713929e+01   2.4577936e+01
   5.6250000e+00   5.1961524e+01   2.6264811e+01
   3.7500000e+00   5.5209119e+01   2.3897346e+01
   5.6250000e+00   5.8456715e+01   2.6243759e+01
   3.7500000e+00   6.1704310e+01   2.4515737e+01
   5.6250000e+00   6.4951905e+01   2.7167667e+01
   3.7500000e+00   6.8199501e+01   2.5751834e+01
   5.6250000e+00   7.1447096e+01   2.8337976e+01
   3.7500000e+00   7.4694691e+01   2.6972862e+01
   5.6250000e+00   7.7942286e+01   2.9294458e+01
   3.7500000e+00   8.1189882e+01   2.7831598e+01
   5.6250000e+00   8.4437477e+01   2.9740129e+01
   3.7500000e+00   8.7685072e+01   2.8062955e+01
   5.6250000e+00   9.0932667e+01   2.9355553e+01
   3.7500000e+00   9.4180263e+01   2.7047518e+01
   5.6250000e+00   9.7427858e+01   1.4000756e+01
   9.3750000e+00   0.0000000e+00   1.1747470e+01
   7.5000000e+00   3.2475953e+00   2.4884089e+01
   9.3750000e+00   6.4951905e+00   2.7783286e+01
   7.5000000e+00   9.7427858e+00   2.8643787e+01
   9.3750000e+00   1.2990381e+01   3.0769927e+01
   7.5000000e+00   1.6237976e+01   3.0651397e+01
   9.3750000e+00   1.9485572e+01   3.2400528e+01
   7.5000000e+00   2.2733167e+01   3.1517262e+01
   9.3750000e+00   2.5980762e+01   3.3026393e+01
   7.5000000e+00   2.9228357e+01   3.1513689e+01
   9.3750000e+00   3.2475953e+01   3.2883660e+01
   7.5000000e+00   3.5723548e+01   3.0865408e+01
   9.3750000e+00   3.8971143e+01   3.2205277e+01
   7.5000000e+00   4.2218738e+01   2.9829975e+01
   9.3750000e+00   4.5466334e+01   3.1292787e+01
   7.5000000e+00   4.8713929e+01   2.8780022e+01
   9.3750000e+00   5.1961524e+01   3.0587535e+01
   7.5000000e+00   5.5209119e+01   2.8285972e+01
   9.3750000e+00   5.8456715e+01   3.0574562e+01
   7.5000000e+00   6.1704310e+01   2.8737405e+01
   9.3750000e+00   6.4951905e+01   3.1238166e+01
   7.5000000e+00   6.8199501e+01   2.9716842e+01
   9.3750000e+00   7.1447096e+01   3.2094465e+01
   7.5000000e+00   7.4694691e+01   3.0674189e+01
   9.3750000e+00   7.7942286e+01   3.2719035e+01
   7.5000000e+00   8.1189882e+01   3.1249726e+01
   9.3750000e+00   8.4437477e+01   3.2808925e+01
   7.5000000e+00   8.7685072e+01   3.1160861e+01
   9.3750000e+00   9.0932667e+01   3.2023195e+01
   7.5000000e+00   9.4180263e+01   2.9739094e+01
   9.3750000e+00   9.7427858e+01   1.5251747e+01
   1.3125000e+01   0.0000000e+00   1.2175369e+01
   1.1250000e+01   3.2475953e+00   2.5972819e+01
   1.3125000e+01   6.4951905e+00   2.8922323e+01
   1.1250000e+01   9.7427858e+00   3.0215750e+01
   1.3125000e+01   1.2990381e+01   3.2421247e+01
   1.1250000e+01   1.6237976e+01   3.2720080e+01
   1.3125000e+01   1.9485572e+01   3.4578283e+01
   1.1250000e+01   2.2733167e+01   3.4066807e+01
   1.3125000e+01   2.5980762e+01   3.5717447e+01
   1.1250000e+01   2.9228357e+01   3.4521931e+01
   1.3125000e+01   3.2475953e+01   3.6065459e+01
   1.1250000e+01   3.5723548e+01   3.4308641e+01
   1.3125000e+01   3.8971143e+01   3.5847996e+01
   1.1250000e+01   4.2218738e+01   3.3681890e+01
   1.3125000e+01   4.5466334e+01   3.5347933e+01
   1.1250000e+01   4.8713929e+01   3.2989994e+01
   1.3125000e+01   5.1961524e+01   3.4932193e+01
   1.1250000e+01   5.5209119e+01   3.2672781e+01
   1.3125000e+01   5.8456715e+01   3.4930945e+01
   1.1250000e+01   6.1704310e+01   3.2971908e+01
   1.3125000e+01   6.4951905e+01   3.5337945e+01
   1.1250000e+01   6.8199501e+01   3.3632032e+01
   1.3125000e+01   7.1447096e+01   3.5824924e+01
   1.1250000e+01   7.4694691e+01   3.4224913e+01
   1.3125000e+01   7.7942286e+01   3.6036625e+01
   1.1250000e+01   8.1189882e+01   3.4411279e+01
   1.3125000e+01   8.4437477e+01   3.5684616e+01
   1.1250000e+01   8.7685072e+01   3.3903936e+01
   1.3125000e+01   9.0932667e+01   3.4417937e+01
   1.1250000e+01   9.4180263e+01   3.1970240e+01
   1.3125000e+01   9.7427858e+01   1.6316564e+01
   1.6875000e+01   0.0000000e+00   1.2442012e+01
   1.5000000e+01   3.2475953e+00   2.6723109e+01
   1.6875000e+01   6.4951905e+00   2.9772255e+01
   1.5000000e+01   9.7427858e+00   3.1454548e+01
   1.6875000e+01   1.2990381e+01   3.3810350e+01
   1.5000000e+01   1.6237976e+01   3.4507676e+01
   1.6875000e+01   1.9485572e+01   3.6550892e+01
   1.5000000e+01   2.2733167e+01   3.6411294e+01
   1.6875000e+01   2.5980762e+01   3.8273706e+01
   1.5000000e+01   2.9228357e+01   3.7407600e+01
   1.6875000e+01   3.2475953e+01   3.9181620e+01
   1.5000000e+01   3.5723548e+01   3.7706083e+01
   1.6875000e+01   3.8971143e+01   3.9479198e+01
   1.5000000e+01   4.2218738e+01   3.7543535e+01
   1.6875000e+01   4.5466334e+01   3.9413158e+01
   1.5000000e+01   4.8713929e+01   3.7220558e+01
   1.6875000e+01   5.1961524e+01   3.9272101e+01
   1.5000000e+01   5.5209119e+01   3.7063545e+01
   1.6875000e+01   5.8456715e+01   3.9284181e+01
   1.5000000e+01   6.1704310e+01   3.7230273e+01
   1.6875000e+01   6.4951905e+01   3.9449375e+01
   1.5000000e+01   6.8199501e+01   3.7560161e+01
   1.6875000e+01   7.1447096e+01   3.9545501e+01
   1.5000000e+01   7.4694691e+01   3.7735902e+01
   1.6875000e+01   7.7942286e+01   3.9293239e+01
   1.5000000e+01   8.1189882e+01   3.7462306e+01
   1.6875000e+01   8.4437477e+01   3.8436252e+01
   1.5000000e+01   8.7685072e+01   3.6463210e+01
   1.6875000e+01   9.0932667e+01   3.6628469e+01
   1.5000000e+01   9.4180263e+01   3.3959940e+01
   1.6875000e+01   9.7427858e+01   1.7266249e+01
   2.0625000e+01   0.0000000e+00   1.2583444e+01
   1.8750000e+01   3.2475953e+00   2.7223030e+01
   2.0625000e+01   6.4951905e+00   3.0405209e+01
   1.8750000e+01   9.7427858e+00   3.2453226e+01
   2.0625000e+01   1.2990381e+01   3.5005761e+01
   1.8750000e+01   1.6237976e+01   3.6092821e+01
   2.0625000e+01   1.9485572e+01   3.8372227e+01
   1.8750000e+01   2.2733167e+01   3.8610051e+01
   2.0625000e+01   2.5980762e+01   4.0731206e+01
   1.8750000e+01   2.9228357e+01   4.0208969e+01
   2.0625000e+01   3.2475953e+01   4.2248441e+01
   1.8750000e+01   3.5723548e+01   4.1071569e+01
   2.0625000e+01   3.8971143e+01   4.3094083e+01
   1.8750000e+01   4.2218738e+01   4.1401952e+01
   2.0625000e+01   4.5466334e+01   4.3467960e+01
   1.8750000e+01   4.8713929e+01   4.1443411e+01
   2.0625000e+01   5.1961524e+01   4.3587661e+01
   1.8750000e+01   5.5209119e+01   4.1433920e+01
   2.0625000e+01   5.8456715e+01   4.3612784e+01
   1.8750000e+01   6.1704310e+01   4.1481455e+01
   2.0625000e+01   6.4951905e+01   4.3548190e+01
   1.8750000e+01   6.8199501e+01   4.1484183e+01
   2.0625000e+01   7.1447096e+01   4.3245713e+01
   1.8750000e+01   7.4694691e+01   4.1214355e+01
   2.0625000e+01   7.7942286e+01   4.2497049e+01
   1.8750000e+01   8.1189882e+01   4.0431719e+01
   2.0625000e+01   8.4437477e+01   4.1089250e+01
   1.8750000e+01   8.7685072e+01   3.8885864e+01
   2.0625000e+01   9.0932667e+01   3.8695153e+01
   1.8750000e+01   9.4180263e+01   3.5770672e+01
   2.0625000e+01   9.7427858e+01   1.8128717e+01
   2.4375000e+01   0.0000000e+00   1.2623858e+01
   2.2500000e+01   3.2475953e+00   2.7526964e+01
   2.4375000e+01   6.4951905e+00   3.0869830e+01
   2.2500000e+01   9.7427858e+00   3.3270965e+01
   2.4375000e+01   1.2990381e+01   3.6055905e+01
   2.2500000e+01   1.6237976e+01   3.7527363e+01
   2.4375000e+01   1.9485572e+01   4.0082050e+01
   2.2500000e+01   2.2733167e+01   4.0700982e+01
   2.4375000e+01   2.5980762e+01   4.3116810e+01
   2.2500000e+01   2.9228357e+01   4.2947578e+01
   2.4375000e+01   3.2475953e+01   4.5278407e+01
   2.2500000e+01   3.5723548e+01   4.4409298e+01
   2.4375000e+01   3.8971143e+01   4.6691978e+01
   2.2500000e+01   4.2218738e+01   4.5246685e+01
   2.4375000e+01   4.5466334e+01   4.7505192e+01
   2.2500000e+01   4.8713929e+01   4.5644421e+01
   2.4375000e+01   5.1961524e+01   4.7874033e+01
   2.2500000e+01   5.5209119e+01   4.5772679e+01
   2.4375000e+01   5.8456715e+01   4.7910056e+01
   2.2500000e+01   6.1704310e+01   4.5708102e+01
   2.4375000e+01   6.4951905e+01   4.7622647e+01
   2.2500000e+01   6.8199501e+01   4.5388474e+01
   2.4375000e+01   7.1447096e+01   4.6918116e+01
   2.2500000e+01   7.4694691e+01   4.4657122e+01
   2.4375000e+01   7.7942286e+01   4.5651543e+01
   2.2500000e+01   8.1189882e+01   4.3331394e+01
   2.4375000e+01   8.4437477e+01   4.3659335e+01
   2.2500000e+01   8.7685072e+01   4.1197775e+01
   2.4375000e+01   9.0932667e+01   4.0644404e+01
   2.2500000e+01   9.4180263e+01   3.7438827e+01
   2.4375000e+01   9.7427858e+01   1.8920995e+01
   2.8125000e+01   0.0000000e+00   1.2581357e+01
   2.6250000e+01   3.2475953e+00   2.7673921e+01
   2.8125000e+01   6.4951905e+00   3.1202167e+01
   2.6250000e+01   9.7427858e+00   3.3950437e+01
   2.8125000e+01   1.2990381e+01   3.6997863e+01
   2.6250000e+01   1.6237976e+01   3.8850951e+01
   2.8125000e+01   1.9485572e+01   4.1713110e+01
   2.6250000e+01   2.2733167e+01   4.2714951e+01
   2.8125000e+01   2.5980762e+01   4.5455097e+01
   2.6250000e+01   2.9228357e+01   4.5642847e+01
   2.8125000e+01   3.2475953e+01   4.8286718e+01
   2.6250000e+01   3.5723548e+01   4.7727264e+01
   2.8125000e+01   3.8971143e+01   5.0280527e+01
   2.6250000e+01   4.2218738e+01   4.9078137e+01
   2.8125000e+01   4.5466334e+01   5.1530102e+01
   2.6250000e+01   4.8713929e+01   4.9823765e+01
   2.8125000e+01   5.1961524e+01   5.2138157e+01
   2.6250000e+01   5.5209119e+01   5.0081364e+01
   2.8125000e+01   5.8456715e+01   5.2181005e+01
   2.6250000e+01   6.1704310e+01   4.9906854e+01
   2.8125000e+01   6.4951905e+01   5.1672759e+01
   2.6250000e+01   6.8199501e+01   4.9267285e+01
   2.8125000e+01   7.1447096e+01   5.0562504e+01
   2.6250000e+01   7.4694691e+01   4.8063756e+01
   2.8125000e+01   7.7942286e+01   4.8761851e+01
   2.6250000e+01   8.1189882e+01   4.6170204e+01
   2.8125000e+01   8.4437477e+01   4.6159197e+01
   2.6250000e+01   8.7685072e+01   4.3417400e+01
   2.8125000e+01   9.0932667e+01   4.2495612e+01
   2.6250000e+01   9.4180263e+01   3.8989567e+01
   2.8125000e+01   9.7427858e+01   1.9654664e+01
   3.1875000e+01   0.0000000e+00   1.2470295e+01
   3.0000000e+01   3.2475953e+00   2.7693901e+01
   3.1875000e+01   6.4951905e+00   3.1430566e+01
   3.0000000e+01   9.7427858e+00   3.4524507e+01
   3.1875000e+01   1.2990381e+01   3.7861610e+01
   3.0000000e+01   1.6237976e+01   4.0095884e+01
   3.1875000e+01   1.9485572e+01   4.3294028e+01
   3.0000000e+01   2.2733167e+01   4.4679629e+01
   3.1875000e+01   2.5980762e+01   4.7770486e+01
   3.0000000e+01   2.9228357e+01   4.8315503e+01
   3.1875000e+01   3.2475953e+01   5.1292554e+01
   3.0000000e+01   3.5723548e+01   5.1039483e+01
   3.1875000e+01   3.8971143e+01   5.3875075e+01
   3.0000000e+01   4.2218738e+01   5.2906739e+01
   3.1875000e+01   4.5466334e+01   5.5557390e+01
   3.0000000e+01   4.8713929e+01   5.3992452e+01
   3.1875000e+01   5.1961524e+01   5.6395597e+01
   3.0000000e+01   5.5209119e+01   5.4371233e+01
   3.1875000e+01   5.8456715e+01   5.6439107e+01
   3.0000000e+01   6.1704310e+01   5.4084850e+01
   3.1875000e+01   6.4951905e+01   5.5707363e+01
   3.0000000e+01   6.8199501e+01   5.3124007e+01
   3.1875000e+01   7.1447096e+01   5.4185327e+01
   3.0000000e+01   7.4694691e+01   5.1438701e+01
   3.1875000e+01   7.7942286e+01   5.1835941e+01
   3.0000000e+01   8.1189882e+01   4.8957331e+01
   3.1875000e+01   8.4437477e+01   4.8600483e+01
   3.0000000e+01   8.7685072e+01   4.5559477e+01
   3.1875000e+01   9.0932667e+01   4.4263808e+01
   3.0000000e+01   9.4180263e+01   4.0441202e+01
   3.1875000e+01   9.7427858e+01   2.0337948e+01
   3.5625000e+01   0.0000000e+00   1.2302594e+01
   3.3750000e+01   3.2475953e+00   2.7611138e+01
   3.5625000e+01   6.4951905e+00   3.1578463e+01
   3.3750000e+01   9.7427858e+00   3.5019882e+01
   3.5625000e+01   1.2990381e+01   3.8672677e+01
   3.3750000e+01   1.6237976e+01   4.1289869e+01
   3.5625000e+01   1.9485572e+01   4.4851122e+01
   3.3750000e+01   2.2733167e+01   4.6621248e+01
   3.5625000e+01   2.5980762e+01   5.0088136e+01
   3.3750000e+01   2.9228357e+01   5.0988473e+01
   3.5625000e+01   3.2475953e+01   5.4318905e+01
   3.3750000e+01   3.5723548e+01   5.4365579e+01
   3.5625000e+01   3.8971143e+01   5.7497080e+01
   3.3750000e+01   4.2218738e+01   5.6750714e+01
   3.5625000e+01   4.5466334e+01   5.9608512e+01
   3.3750000e+01   4.8713929e+01   5.8169250e+01
   3.5625000e+01   5.1961524e+01   6.0667931e+01
   3.3750000e+01   5.5209119e+01   5.8660510e+01
   3.5625000e+01   5.8456715e+01   6.0703656e+01
   3.3750000e+01   6.1704310e+01   5.8256590e+01
   3.5625000e+01   6.4951905e+01   5.9741388e+01
   3.3750000e+01   6.8199501e+01   5.6968954e+01
   3.5625000e+01   7.1447096e+01   5.7798054e+01
   3.3750000e+01   7.4694691e+01   5.4790843e+01
   3.5625000e+01   7.7942286e+01   5.4884331e+01
   3.3750000e+01   8.1189882e+01   5.1703032e+01
   3.5625000e+01   8.4437477e+01   5.0994512e+01
   3.3750000e+01   8.7685072e+01   4.7636589e+01
   3.5625000e+01   9.0932667e+01   4.5961173e+01
   3.3750000e+01   9.4180263e+01   4.1807507e+01
   3.5625000e+01   9.7427858e+01   2.0976885e+01
   3.9375000e+01   0.0000000e+00   1.2088617e+01
   3.7500000e+01   3.2475953e+00   2.7446111e+01
   3.9375000e+01   6.4951905e+00   3.1666188e+01
   3.7500000e+01   9.7427858e+00   3.5459416e+01
   3.9375000e+01   1.2990381e+01   3.9453998e+01
   3.7500000e+01   1.6237976e+01   4.2457946e+01
   3.9375000e+01   1.9485572e+01   4.6409749e+01
   3.7500000e+01   2.2733167e+01   4.8565717e+01
   3.9375000e+01   2.5980762e+01   5.2434436e+01
   3.7500000e+01   2.9228357e+01   5.3687023e+01
   3.9375000e+01   3.2475953e+01   5.7392003e+01
   3.7500000e+01   3.5723548e+01   5.7729739e+01
   3.9375000e+01   3.8971143e+01   6.1172466e+01
   3.7500000e+01   4.2218738e+01   6.0633910e+01
   3.9375000e+01   4.5466334e+01   6.3709434e+01
   3.7500000e+01   4.8713929e+01   6.2378190e+01
   3.9375000e+01   5.1961524e+01   6.4980579e+01
   3.7500000e+01   5.5209119e+01   6.2972075e+01
   3.9375000e+01   5.8456715e+01   6.4997544e+01
   3.7500000e+01   6.1704310e+01   6.2441387e+01
   3.9375000e+01   6.4951905e+01   6.3793534e+01
   3.7500000e+01   6.8199501e+01   6.0817121e+01
   3.9375000e+01   7.1447096e+01   6.1415424e+01
   3.7500000e+01   7.4694691e+01   5.8132349e+01
   3.9375000e+01   7.7942286e+01   5.7919334e+01
   3.7500000e+01   8.1189882e+01   5.4418582e+01
   3.9375000e+01   8.4437477e+01   5.3352466e+01
   3.7500000e+01   8.7685072e+01   4.9659998e+01
   3.9375000e+01   9.0932667e+01   4.7598020e+01
   3.7500000e+01   9.4180263e+01   4.3099234e+01
   3.9375000e+01   9.7427858e+01   2.1576087e+01
   4.3125000e+01   0.0000000e+00   1.1837811e+01
   4.1250000e+01   3.2475953e+00   2.7216938e+01
   4.3125000e+01   6.4951905e+00   3.1712222e+01
   4.1250000e+01   9.7427858e+00   3.5863690e+01
   4.3125000e+01   1.2990381e+01   4.0227284e+01
   4.1250000e+01   1.6237976e+01   4.3623940e+01
   4.3125000e+01   1.9485572e+01   4.7995396e+01
   4.1250000e+01   2.2733167e+01   5.0539448e+01
   4.3125000e+01   2.5980762e+01   5.4837330e+01
   4.1250000e+01   2.9228357e+01   5.6438644e+01
   4.3125000e+01   3.2475953e+01   6.0540663e+01
   4.1250000e+01   3.5723548e+01   6.1159569e+01
   4.3125000e+01   3.8971143e+01   6.4930096e+01
   4.1250000e+01   4.2218738e+01   6.4583882e+01
   4.3125000e+01   4.5466334e+01   6.7888692e+01
   4.1250000e+01   4.8713929e+01   6.6646492e+01
   4.3125000e+01   5.1961524e+01   6.9360878e+01
   4.1250000e+01   5.5209119e+01   6.7331456e+01
   4.3125000e+01   5.8456715e+01   6.9345324e+01
   4.1250000e+01   6.1704310e+01   6.6661228e+01
   4.3125000e+01   6.4951905e+01   6.7884268e+01
   4.1250000e+01   6.8199501e+01   6.4686185e+01
   4.3125000e+01   7.1447096e+01   6.5053793e+01
   4.1250000e+01   7.4694691e+01   6.1477359e+01
   4.3125000e+01   7.7942286e+01   6.0954147e+01
   4.1250000e+01   8.1189882e+01   5.7115873e+01
   4.3125000e+01   8.4437477e+01   5.5685322e+01
   4.1250000e+01   8.7685072e+01   5.1640080e+01
   4.3125000e+01   9.0932667e+01   4.9183425e+01
   4.1250000e+01   9.4180263e+01   4.4325146e+01
   4.3125000e+01   9.7427858e+01   2.2139255e+01
   4.6875000e+01   0.0000000e+00   1.1559203e+01
   4.5000000e+01   3.2475953e+00   2.6940376e+01
   4.6875000e+01   6.4951905e+00   3.1734086e+01
   4.5000000e+01   9.7427858e+00   3.6252170e+01
   4.6875000e+01   1.2990381e+01   4.1014211e+01
   4.5000000e+01   1.6237976e+01   4.4811675e+01
   4.6875000e+01   1.9485572e+01   4.9634735e+01
   4.5000000e+01   2.2733167e+01   5.2570085e+01
   4.6875000e+01   2.5980762e+01   5.7326594e+01
   4.5000000e+01   2.9228357e+01   5.9272864e+01
   4.6875000e+01   3.2475953e+01   6.3795577e+01
   4.5000000e+01   3.5723548e+01   6.4684968e+01
   4.6875000e+01   3.8971143e+01   6.8800312e+01
   4.5000000e+01   4.2218738e+01   6.8630172e+01
   4.6875000e+01   4.5466334e+01   7.2175599e+01
   4.5000000e+01   4.8713929e+01   7.1002688e+01
   4.6875000e+01   5.1961524e+01   7.3836266e+01
   4.5000000e+01   5.5209119e+01   7.1764988e+01
   4.6875000e+01   5.8456715e+01   7.3771373e+01
   4.5000000e+01   6.1704310e+01   7.0938871e+01
   4.6875000e+01   6.4951905e+01   7.2034001e+01
   4.5000000e+01   6.8199501e+01   6.8594703e+01
   4.6875000e+01   7.1447096e+01   6.8729570e+01
   4.5000000e+01   7.4694691e+01   6.4840675e+01
   4.6875000e+01   7.7942286e+01   6.4001873e+01
   4.5000000e+01   8.1189882e+01   5.9806865e+01
   4.6875000e+01   8.4437477e+01   5.8003619e+01
   4.5000000e+01   8.7685072e+01   5.3586542e+01
   4.6875000e+01   9.0932667e+01   5.0725644e+01
   4.5000000e+01   9.4180263e+01   4.5492737e+01
   4.6875000e+01   9.7427858e+01   2.2669570e+01
   5.0625000e+01   0.0000000e+00   1.1261709e+01
   4.8750000e+01   3.2475953e+00   2.6632501e+01
   5.0625000e+01   6.4951905e+00   3.1748904e+01
   4.8750000e+01   9.7427858e+00   3.6644171e+01
   5.0625000e+01   1.2990381e+01   4.1837767e+01
   4.8750000e+01   1.6237976e+01   4.6046262e+01
   5.0625000e+01   1.9485572e+01   5.1356846e+01
   4.8750000e+01   2.2733167e+01   5.4687238e+01
   5.0625000e+01   2.5980762e+01   5.9934069e+01
   4.8750000e+01   2.9228357e+01   6.2220989e+01
   5.0625000e+01   3.2475953e+01   6.7188498e+01
   4.8750000e+01   3.5723548e+01   6.8336973e+01
   5.0625000e+01   3.8971143e+01   7.2813413e+01
   4.8750000e+01   4.2218738e+01   7.2802629e+01
   5.0625000e+01   4.5466334e+01   7.6598434e+01
   4.8750000e+01   4.8713929e+01   7.5474807e+01
   5.0625000e+01   5.1961524e+01   7.8432443e+01
   4.8750000e+01   5.5209119e+01   7.6297997e+01
   5.0625000e+01   5.8456715e+01   7.8298076e+01
   4.8750000e+01   6.1704310e+01   7.5296025e+01
   5.0625000e+01   6.4951905e+01   7.6261311e+01
   4.8750000e+01   6.8199501e+01   7.2560409e+01
   5.0625000e+01   7.1447096e+01   7.2457686e+01
   4.8750000e+01   7.4694691e+01   6.8236470e+01
   5.0625000e+01   7.7942286e+01   6.7074502e+01
   4.8750000e+01   8.1189882e+01   6.2502930e+01
   5.0625000e+01   8.4437477e+01   6.0317103e+01
   4.8750000e+01   8.7685072e+01   5.5508459e+01
   5.0625000e+01   9.0932667e+01   5.2232404e+01
   4.8750000e+01   9.4180263e+01   4.6608794e+01
   5.0625000e+01   9.7427858e+01   2.3170019e+01
   5.4375000e+01   0.0000000e+00   1.0954042e+01
   5.2500000e+01   3.2475953e+00   2.6308830e+01
   5.4375000e+01   6.4951905e+00   3.1773768e+01
   5.2500000e+01   9.7427858e+00   3.7059988e+01
   5.4375000e+01   1.2990381e+01   4.2724484e+01
   5.2500000e+01   1.6237976e+01   4.7355831e+01
   5.4375000e+01   1.9485572e+01   5.3194846e+01
   5.2500000e+01   2.2733167e+01   5.6923329e+01
   5.4375000e+01   2.5980762e+01   6.2693781e+01
   5.2500000e+01   2.9228357e+01   6.5315689e+01
   5.4375000e+01   3.2475953e+01   7.0751141e+01
   5.2500000e+01   3.5723548e+01   7.2146424e+01
   5.4375000e+01   3.8971143e+01   7.6997893e+01
   5.2500000e+01   4.2218738e+01   7.7129618e+01
   5.4375000e+01   4.5466334e+01   8.1182469e+01
   5.2500000e+01   4.8713929e+01   8.0088476e+01
   5.4375000e+01   5.1961524e+01   8.3171416e+01
   5.2500000e+01   5.5209119e+01   8.0952941e+01
   5.4375000e+01   5.8456715e+01   8.2943932e+01
   5.2500000e+01   6.1704310e+01   7.9751532e+01
   5.4375000e+01   6.4951905e+01   8.0581135e+01
   5.2500000e+01   6.8199501e+01   7.6598522e+01
   5.4375000e+01   7.1447096e+01   7.6250010e+01
   5.2500000e+01   7.4694691e+01   7.1676939e+01
   5.4375000e+01   7.7942286e+01   7.0181775e+01
   5.2500000e+01   8.1189882e+01   6.5214098e+01
   5.4375000e+01   8.4437477e+01   6.2634262e+01
   5.2500000e+01   8.7685072e+01   5.7414220e+01
   5.4375000e+01   9.0932667e+01   5.3711129e+01
   5.2500000e+01   9.4180263e+01   4.7679874e+01
   5.4375000e+01   9.7427858e+01   2.3643743e+01
   5.8125000e+01   0.0000000e+00   1.0642928e+01
   5.6250000e+01   3.2475953e+00   2.5983065e+01
   5.8125000e+01   6.4951905e+00   3.1827391e+01
   5.6250000e+01   9.7427858e+00   3.7523370e+01
   5.8125000e+01   1.2990381e+01   4.3708813e+01
   5.6250000e+01   1.6237976e+01   4.8774269e+01
   5.8125000e+01   1.9485572e+01   5.5187924e+01
   5.6250000e+01   2.2733167e+01   5.9314454e+01
   5.8125000e+01   2.5980762e+01   6.5641628e+01
   5.6250000e+01   2.9228357e+01   6.8590216e+01
   5.8125000e+01   3.2475953e+01   7.4513533e+01
   5.6250000e+01   3.5723548e+01   7.6142246e+01
   5.8125000e+01   3.8971143e+01   8.1378272e+01
   5.6250000e+01   4.2218738e+01   8.1635966e+01
   5.8125000e+01   4.5466334e+01   8.5947743e+01
   5.6250000e+01   4.8713929e+01   8.4864847e+01
   5.8125000e+01   5.1961524e+01   8.8069366e+01
   5.6250000e+01   5.5209119e+01   8.5747409e+01
   5.8125000e+01   5.8456715e+01   8.7721523e+01
   5.6250000e+01   6.1704310e+01   8.4319445e+01
   5.8125000e+01   6.4951905e+01   8.5002850e+01
   5.6250000e+01   6.8199501e+01   8.0719973e+01
   5.8125000e+01   7.1447096e+01   8.0113641e+01
   5.6250000e+01   7.4694691e+01   7.5170860e+01
   5.8125000e+01   7.7942286e+01   7.3329905e+01
   5.6250000e+01   8.1189882e+01   6.7948167e+01
   5.8125000e+01   8.4437477e+01   6.4961694e+01
   5.6250000e+01   8.7685072e+01   5.9311361e+01
   5.8125000e+01   9.0932667e+01   5.5169133e+01
   5.6250000e+01   9.4180263e+01   4.8712822e+01
   5.8125000e+01   9.7427858e+01   2.4094441e+01
   6.1875000e+01   0.0000000e+00   1.0328389e+01
   6.0000000e+01   3.2475953e+00   2.5664480e+01
   6.1875000e+01   6.4951905e+00   3.1942205e+01
   6.0000000e+01   9.7427858e+00   3.8068513e+01
   6.1875000e+01   1.2990381e+01   4.4840562e+01
   6.0000000e+01   1.6237976e+01   5.0345193e+01
   6.1875000e+01   1.9485572e+01   5.7383143e+01
   6.0000000e+01   2.2733167e+01   6.1900856e+01
   6.1875000e+01   2.5980762e+01   6.8814089e+01
   6.0000000e+01   2.9228357e+01   7.2076879e+01
   6.1875000e+01   3.2475953e+01   7.8501505e+01
   6.0000000e+01   3.5723548e+01   8.0349140e+01
   6.1875000e+01   3.8971143e+01   8.5972368e+01
   6.0000000e+01   4.2218738e+01   8.6340510e+01
   6.1875000e+01   4.5466334e+01   9.0906484e+01
   6.0000000e+01   4.8713929e+01   8.9818282e+01
   6.1875000e+01   5.1961524e+01   9.3134306e+01
   6.0000000e+01   5.5209119e+01   9.0691958e+01
   6.1875000e+01   5.8456715e+01   9.2635332e+01
   6.0000000e+01   6.1704310e+01   8.9006981e+01
   6.1875000e+01   6.4951905e+01   8.9528202e+01
   6.0000000e+01   6.8199501e+01   8.4929502e+01
   6.1875000e+01   7.1447096e+01   8.4049026e+01
   6.0000000e+01   7.4694691e+01   7.8721966e+01
   6.1875000e+01   7.7942286e+01   7.6520053e+01
   6.0000000e+01   8.1189882e+01   7.0709603e+01
   6.1875000e+01   8.4437477e+01   6.7303248e+01
   6.0000000e+01   8.7685072e+01   6.1206264e+01
   6.1875000e+01   9.0932667e+01   5.6613723e+01
   6.0000000e+01   9.4180263e+01   4.9715348e+01
   6.1875000e+01   9.7427858e+01   2.4526882e+01
   6.5625000e+01   0.0000000e+00   1.0049250e+01
   6.3750000e+01   3.2475953e+00   2.5385700e+01
   6.5625000e+01   6.4951905e+00   3.2193875e+01
   6.3750000e+01   9.7427858e+00   3.8754352e+01
   6.5625000e+01   1.2990381e+01   4.6192799e+01
   6.3750000e+01   1.6237976e+01   5.2126053e+01
   6.5625000e+01   1.9485572e+01   5.9835340e+01
   6.3750000e+01   2.2733167e+01   6.4726061e+01
   6.5625000e+01   2.5980762e+01   7.2245121e+01
   6.3750000e+01   2.9228357e+01   7.5804275e+01
   6.5625000e+01   3.2475953e+01   8.2733001e+01
   6.3750000e+01   3.5723548e+01   8.4784440e+01
   6.5625000e+01   3.8971143e+01   9.0787890e+01
   6.3750000e+01   4.2218738e+01   9.1253189e+01
   6.5625000e+01   4.5466334e+01   9.6060190e+01
   6.3750000e+01   4.8713929e+01   9.4953761e+01
   6.5625000e+01   5.1961524e+01   9.8363532e+01
   6.3750000e+01   5.5209119e+01   9.5787771e+01
   6.5625000e+01   5.8456715e+01   9.7679398e+01
   6.3750000e+01   6.1704310e+01   9.3812316e+01
   6.5625000e+01   6.4951905e+01   9.4149081e+01
   6.3750000e+01   6.8199501e+01   8.9223575e+01
   6.5625000e+01   7.1447096e+01   8.8047873e+01
   6.3750000e+01   7.4694691e+01   8.2327100e+01
   6.5625000e+01   7.7942286e+01   7.9746525e+01
   6.3750000e+01   8.1189882e+01   7.3498146e+01
   6.5625000e+01   8.4437477e+01   6.9658764e+01
   6.3750000e+01   8.7685072e+01   6.3103588e+01
   6.5625000e+01   9.0932667e+01   5.8052032e+01
   6.3750000e+01   9.4180263e+01   5.0696641e+01
   6.5625000e+01   9.7427858e+01   2.4947505e+01
   6.9375000e+01   0.0000000e+00   9.8908554e+00
   6.7500000e+01   3.2475953e+00   2.5258959e+01
   6.9375000e+01   6.4951905e+00   3.2712071e+01
   6.7500000e+01   9.7427858e+00   3.9677410e+01
   6.9375000e+01   1.2990381e+01   4.7863898e+01
   6.7500000e+01   1.6237976e+01   5.4189168e+01
   6.9375000e+01   1.9485572e+01   6.2602759e+01
   6.7500000e+01   2.2733167e+01   6.7833306e+01
   6.9375000e+01   2.5980762e+01   7.5960487e+01
   6.7500000e+01   2.9228357e+01   7.9792812e+01
   6.9375000e+01   3.2475953e+01   8.7213062e+01
   6.7500000e+01   3.5723548e+01   8.9454052e+01
   6.9375000e+01   3.8971143e+01   9.5818410e+01
   6.7500000e+01   4.2218738e+01   9.6371645e+01
   6.9375000e+01   4.5466334e+01   1.0139641e+02
   6.7500000e+01   4.8713929e+01   1.0026406e+02
   6.9375000e+01   5.1961524e+01   1.0374091e+02
   6.7500000e+01   5.5209119e+01   1.0102415e+02
   6.9375000e+01   5.8456715e+01   1.0283484e+02
   6.7500000e+01   6.1704310e+01   9.8722227e+01
   6.9375000e+01   6.4951905e+01   9.8845135e+01
   6.7500000e+01   6.8199501e+01   9.3588124e+01
   6.9375000e+01   7.1447096e+01   9.2090870e+01
   6.7500000e+01   7.4694691e+01   8.5974124e+01
   6.9375000e+01   7.7942286e+01   8.2994652e+01
   6.7500000e+01   8.1189882e+01   7.6307029e+01
   6.9375000e+01   8.4437477e+01   7.2022279e+01
   6.7500000e+01   8.7685072e+01   6.5005180e+01
   6.9375000e+01   9.0932667e+01   5.9490165e+01
   6.7500000e+01   9.4180263e+01   5.1667762e+01
   6.9375000e+01   9.7427858e+01   2.5364886e+01
   7.3125000e+01   0.0000000e+00   9.9538353e+00
   7.1250000e+01   3.2475953e+00   2.5444770e+01
   7.3125000e+01   6.4951905e+00   3.3674367e+01
   7.1250000e+01   9.7427858e+00   4.0972320e+01
   7.3125000e+01   1.2990381e+01   4.9969523e+01
   7.1250000e+01   1.6237976e+01   5.6615935e+01
   7.3125000e+01   1.9485572e+01   6.5736344e+01
   7.1250000e+01   2.2733167e+01   7.1257955e+01
   7.3125000e+01   2.5980762e+01   7.9969207e+01
   7.1250000e+01   2.9228357e+01   8.4048295e+01
   7.3125000e+01   3.2475953e+01   9.1927673e+01
   7.1250000e+01   3.5723548e+01   9.4347534e+01
   7.3125000e+01   3.8971143e+01   1.0103890e+02
   7.1250000e+01   4.2218738e+01   1.0167748e+02
   7.3125000e+01   4.5466334e+01   1.0688537e+02
   7.1250000e+01   4.8713929e+01   1.0572674e+02
   7.3125000e+01   5.1961524e+01   1.0923410e+02
   7.1250000e+01   5.5209119e+01   1.0637591e+02
   7.3125000e+01   5.8456715e+01   1.0806730e+02
   7.1250000e+01   6.1704310e+01   1.0370961e+02
   7.3125000e+01   6.4951905e+01   1.0358129e+02
   7.1250000e+01   6.8199501e+01   9.7996152e+01
   7.3125000e+01   7.1447096e+01   9.6145281e+01
   7.1250000e+01   7.4694691e+01   8.9639603e+01
   7.3125000e+01   7.7942286e+01   8.6238426e+01
   7.1250000e+01   8.1189882e+01   7.9120772e+01
   7.3125000e+01   8.4437477e+01   7.4379582e+01
   7.1250000e+01   8.7685072e+01   6.6908164e+01
   7.3125000e+01   9.0932667e+01   6.0930967e+01
   7.1250000e+01   9.4180263e+01   5.2641124e+01
   7.3125000e+01   9.7427858e+01   2.5789400e+01
   7.6875000e+01   0.0000000e+00   1.0388404e+01
   7.5000000e+01   3.2475953e+00   2.6159955e+01
   7.6875000e+01   6.4951905e+00   3.5315193e+01
   7.5000000e+01   9.7427858e+00   4.2803662e+01
   7.6875000e+01   1.2990381e+01   5.2619378e+01
   7.5000000e+01   1.6237976e+01   5.9481034e+01
   7.6875000e+01   1.9485572e+01   6.9261995e+01
   7.5000000e+01   2.2733167e+01   7.5015530e+01
   7.6875000e+01   2.5980762e+01   8.4252977e+01
   7.5000000e+01   2.9228357e+01   8.8554005e+01
   7.6875000e+01   3.2475953e+01   9.6837139e+01
   7.5000000e+01   3.5723548e+01   9.9432684e+01
   7.6875000e+01   3.8971143e+01   1.0640116e+02
   7.5000000e+01   4.2218738e+01   1.0713234e+02
   7.6875000e+01   4.5466334e+01   1.1247659e+02
   7.5000000e+01   4.8713929e+01   1.1130115e+02
   7.6875000e+01   5.1961524e+01   1.1479175e+02
   7.5000000e+01   5.5209119e+01   1.1180072e+02
   7.6875000e+01   5.8456715e+01   1.1332429e+02
   7.5000000e+01   6.1704310e+01   1.0873095e+02
   7.6875000e+01   6.4951905e+01   1.0830520e+02
   7.5000000e+01   6.8199501e+01   1.0240526e+02
   7.6875000e+01   7.1447096e+01   1.0016256e+02
   7.5000000e+01   7.4694691e+01   9.3286438e+01
   7.6875000e+01   7.7942286e+01   8.9438147e+01
   7.5000000e+01   8.1189882e+01   8.1912676e+01
   7.6875000e+01   8.4437477e+01   7.6705320e+01
   7.5000000e+01   8.7685072e+01   6.8801935e+01
   7.6875000e+01   9.0932667e+01   6.2369815e+01
   7.5000000e+01   9.4180263e+01   5.3627674e+01
   7.6875000e+01   9.7427858e+01   2.6230667e+01
   8.0625000e+01   0.0000000e+00   1.1465700e+01
   7.8750000e+01   3.2475953e+00   2.7743779e+01
   8.0625000e+01   6.4951905e+00   3.7880800e+01
   7.8750000e+01   9.7427858e+00   4.5333577e+01
   8.0625000e+01   1.2990381e+01   5.5869408e+01
   7.8750000e+01   1.6237976e+01   6.2824521e+01
   8.0625000e+01   1.9485572e+01   7.3158726e+01
   7.8750000e+01   2.2733167e+01   7.9086906e+01
   8.0625000e+01   2.5980762e+01   8.8755834e+01
   7.8750000e+01   2.9228357e+01   9.3262489e+01
   8.0625000e+01   3.2475953e+01   1.0187011e+02
   7.8750000e+01   3.5723548e+01   1.0465028e+02
   8.0625000e+01   3.8971143e+01   1.1182970e+02
   7.8750000e+01   4.2218738e+01   1.1267417e+02
   8.0625000e+01   4.5466334e+01   1.1809569e+02
   7.8750000e+01   4.8713929e+01   1.1692541e+02
   8.0625000e+01   5.1961524e+01   1.2034075e+02
   7.8750000e+01   5.5209119e+01   1.1723640e+02
   8.0625000e+01   5.8456715e+01   1.1853257e+02
   7.8750000e+01   6.1704310e+01   1.1372366e+02
   8.0625000e+01   6.4951905e+01   1.1294474e+02
   7.8750000e+01   6.8199501e+01   1.0675522e+02
   8.0625000e+01   7.1447096e+01   1.0407620e+02
   7.8750000e+01   7.4694691e+01   9.6861646e+01
   8.0625000e+01   7.7942286e+01   9.2538472e+01
   7.8750000e+01   8.1189882e+01   8.4642410e+01
   8.0625000e+01   8.4437477e+01   7.8960334e+01
   7.8750000e+01   8.7685072e+01   7.0664363e+01
   8.0625000e+01   9.0932667e+01   6.3788932e+01
   7.8750000e+01   9.4180263e+01   5.4630323e+01
   8.0625000e+01   9.7427858e+01   2.6691420e+01
   8.4375000e+01   0.0000000e+00   1.3367221e+01
   8.2500000e+01   3.2475953e+00   3.0566830e+01
   8.4375000e+01   6.4951905e+00   4.1393338e+01
   8.2500000e+01   9.7427858e+00   4.8626397e+01
   8.4375000e+01   1.2990381e+01   5.9663672e+01
   8.2500000e+01   1.6237976e+01   6.6617428e+01
   8.4375000e+01   1.9485572e+01   7.7341662e+01
   8.2500000e+01   2.2733167e+01   8.3405066e+01
   8.4375000e+01   2.5980762e+01   9.3377505e+01
   8.2500000e+01   2.9228357e+01   9.8089042e+01
   8.4375000e+01   3.2475953e+01   1.0691956e+02
   8.2500000e+01   3.5723548e+01   1.0990973e+02
   8.4375000e+01   3.8971143e+01   1.1721831e+02
   8.2500000e+01   4.2218738e+01   1.1821377e+02
   8.4375000e+01   4.5466334e+01   1.2364143e+02
   8.2500000e+01   4.8713929e+01   1.2251361e+02
   8.4375000e+01   5.1961524e+01   1.2578343e+02
   8.2500000e+01   5.5209119e+01   1.2259821e+02
   8.4375000e+01   5.8456715e+01   1.2359526e+02
   8.2500000e+01   6.1704310e+01   1.1860344e+02
   8.4375000e+01   6.4951905e+01   1.1740546e+02
   8.2500000e+01   6.8199501e+01   1.1096569e+02
   8.4375000e+01   7.1447096e+01   1.0779999e+02
   8.2500000e+01   7.4694691e+01   1.0029467e+02
   8.4375000e+01   7.7942286e+01   9.5467399e+01
   8.2500000e+01   8.1189882e+01   8.7254373e+01
   8.4375000e+01   8.4437477e+01   8.1090387e+01
   8.2500000e+01   8.7685072e+01   7.2458515e+01
   8.4375000e+01   9.0932667e+01   6.5153047e+01
   8.2500000e+01   9.4180263e+01   5.5634837e+01
   8.4375000e+01   9.7427858e+01   2.7160141e+01
   8.8125000e+01   0.0000000e+00   1.5676535e+01
   8.6250000e+01   3.2475953e+00   3.4390840e+01
   8.8125000e+01   6.4951905e+00   4.5535560e+01
   8.6250000e+01   9.7427858e+00   5.2548942e+01
   8.8125000e+01   1.2990381e+01   6.3821084e+01
   8.6250000e+01   1.6237976e+01   7.0741635e+01
   8.8125000e+01   1.9485572e+01   8.1660967e+01
   8.6250000e+01   2.2733167e+01   8.7849511e+01
   8.8125000e+01   2.5980762e+01   9.7973444e+01
   8.6250000e+01   2.9228357e+01   1.0290889e+02
   8.8125000e+01   3.2475953e+01   1.1184161e+02
   8.6250000e+01   3.5723548e+01   1.1508625e+02
   8.8125000e+01   3.8971143e+01   1.2242757e+02
   8.6250000e+01   4.2218738e+01   1.2363185e+02
   8.8125000e+01   4.5466334e+01   1.2898273e+02
   8.6250000e+01   4.8713929e+01   1.2795288e+02
   8.8125000e+01   5.1961524e+01   1.3099455e+02
   8.6250000e+01   5.5209119e+01   1.2777588e+02
   8.8125000e+01   5.8456715e+01   1.2838871e+02
   8.6250000e+01   6.1704310e+01   1.2326145e+02
   8.8125000e+01   6.4951905e+01   1.2156826e+02
   8.6250000e+01   6.8199501e+01   1.1493432e+02
   8.8125000e+01   7.1447096e+01   1.1122720e+02
   8.6250000e+01   7.4694691e+01   1.0349658e+02
   8.8125000e+01   7.7942286e+01   9.8136702e+01
   8.6250000e+01   8.1189882e+01   8.9677605e+01
   8.8125000e+01   8.4437477e+01   8.3027378e+01
   8.6250000e+01   8.7685072e+01   7.4131999e+01
   8.8125000e+01   9.0932667e+01   6.6410361e+01
   8.6250000e+01   9.4180263e+01   5.6604731e+01
   8.8125000e+01   9.7427858e+01   2.7609909e+01
   9.1875000e+01   0.0000000e+00   1.8120064e+01
   9.0000000e+01   3.2475953e+00   3.8649097e+01
   9.1875000e+01   6.4951905e+00   4.9907446e+01
   9.0000000e+01   9.7427858e+00   5.6814824e+01
   9.1875000e+01   1.2990381e+01   6.8087778e+01
   9.0000000e+01   1.6237976e+01   7.5003259e+01
   9.1875000e+01   1.9485572e+01   8.5919213e+01
   9.0000000e+01   2.2733167e+01   9.2252127e+01
   9.1875000e+01   2.5980762e+01   1.0236225e+02
   9.0000000e+01   2.9228357e+01   1.0755927e+02
   9.1875000e+01   3.2475953e+01   1.1645767e+02
   9.0000000e+01   3.5723548e+01   1.2001995e+02
   9.1875000e+01   3.8971143e+01   1.2728321e+02
   9.0000000e+01   4.2218738e+01   1.2877625e+02
   9.1875000e+01   4.5466334e+01   1.3395536e+02
   9.0000000e+01   4.8713929e+01   1.3310024e+02
   9.1875000e+01   5.1961524e+01   1.3581738e+02
   9.0000000e+01   5.5209119e+01   1.3263014e+02
   9.1875000e+01   5.8456715e+01   1.3275872e+02
   9.0000000e+01   6.1704310e+01   1.2756131e+02
   9.1875000e+01   6.4951905e+01   1.2528732e+02
   9.0000000e+01   6.8199501e+01   1.1853540e+02
   9.1875000e+01   7.1447096e+01   1.1423087e+02
   9.0000000e+01   7.4694691e+01   1.0636063e+02
   9.1875000e+01   7.7942286e+01   1.0044414e+02
   9.0000000e+01   8.1189882e+01   9.1827741e+01
   9.1875000e+01   8.4437477e+01   8.4693295e+01
   9.0000000e+01   8.7685072e+01   7.5620342e+01
   9.1875000e+01   9.0932667e+01   6.7499957e+01
   9.0000000e+01   9.4180263e+01   5.7486847e+01
   9.1875000e+01   9.7427858e+01   2.8006703e+01
   9.5625000e+01   0.0000000e+00   2.0525745e+01
   9.3750000e+01   3.2475953e+00   4.2948787e+01
   9.5625000e+01   6.4951905e+00   5.4188586e+01
   9.3750000e+01   9.7427858e+00   6.1112512e+01
   9.5625000e+01   1.2990381e+01   7.2202036e+01
   9.3750000e+01   1.6237976e+01   7.9170650e+01
   9.5625000e+01   1.9485572e+01   8.9897912e+01
   9.3750000e+01   2.2733167e+01   9.6412722e+01
   9.5625000e+01   2.5980762e+01   1.0633869e+02
   9.3750000e+01   2.9228357e+01   1.1184631e+02
   9.5625000e+01   3.2475953e+01   1.2055990e+02
   9.3750000e+01   3.5723548e+01   1.2451684e+02
   9.5625000e+01   3.8971143e+01   1.3157510e+02
   9.3750000e+01   4.2218738e+01   1.3345899e+02
   9.5625000e+01   4.5466334e+01   1.3835721e+02
   9.3750000e+01   4.8713929e+01   1.3777826e+02
   9.5625000e+01   5.1961524e+01   1.4005821e+02
   9.3750000e+01   5.5209119e+01   1.3698804e+02
   9.5625000e+01   5.8456715e+01   1.3651578e+02
   9.3750000e+01   6.1704310e+01   1.3133592e+02
   9.5625000e+01   6.4951905e+01   1.2838909e+02
   9.3750000e+01   6.8199501e+01   1.2161982e+02
   9.5625000e+01   7.1447096e+01   1.1666627e+02
   9.3750000e+01   7.4694691e+01   1.0876459e+02
   9.5625000e+01   7.7942286e+01   1.0227763e+02
   9.3750000e+01   8.1189882e+01   9.3611014e+01
   9.5625000e+01   8.4437477e+01   8.6006047e+01
   9.3750000e+01   8.7685072e+01   7.6853730e+01
   9.5625000e+01   9.0932667e+01   6.8362284e+01
   9.3750000e+01   9.4180263e+01   5.8225305e+01
   9.5625000e+01   9.7427858e+01   2.8320620e+01
   9.9375000e+01   0.0000000e+00   2.2771475e+01
   9.7500000e+01   3.2475953e+00   4.7027805e+01
   9.9375000e+01   6.4951905e+00   5.8140068e+01
   9.7500000e+01   9.7427858e+00   6.5173550e+01
   9.9375000e+01   1.2990381e+01   7.5930821e+01
   9.7500000e+01   1.6237976e+01   8.3011611e+01
   9.9375000e+01   1.9485572e+01   9.3382182e+01
   9.7500000e+01   2.2733167e+01   1.0011869e+02
   9.9375000e+01   2.5980762e+01   1.0968978e+02
   9.7500000e+01   2.9228357e+01   1.1555597e+02
   9.9375000e+01   3.2475953e+01   1.2392066e+02
   9.7500000e+01   3.5723548e+01   1.2835220e+02
   9.9375000e+01   3.8971143e+01   1.3505771e+02
   9.7500000e+01   4.2218738e+01   1.3745243e+02
   9.9375000e+01   4.5466334e+01   1.4194109e+02
   9.7500000e+01   4.8713929e+01   1.4176843e+02
   9.9375000e+01   5.1961524e+01   1.4347752e+02
   9.7500000e+01   5.5209119e+01   1.4063638e+02
   9.9375000e+01   5.8456715e+01   1.3942984e+02
   9.7500000e+01   6.1704310e+01   1.3438483e+02
   9.9375000e+01   6.4951905e+01   1.3067425e+02
   9.7500000e+01   6.8199501e+01   1.2401738e+02
   9.9375000e+01   7.1447096e+01   1.1837653e+02
   9.7500000e+01   7.4694691e+01   1.1057540e+02
   9.9375000e+01   7.7942286e+01   1.0352137e+02
   9.7500000e+01   8.1189882e+01   9.4929789e+01
   9.9375000e+01   8.4437477e+01   8.6885706e+01
   9.7500000e+01   8.7685072e+01   7.7764637e+01
   9.9375000e+01   9.0932667e+01   6.8947977e+01
   9.7500000e+01   9.4180263e+01   5.8775258e+01
   9.9375000e+01   9.7427858e+01   2.8533667e+01
   1.0312500e+02   0.0000000e+00   2.4766370e+01
   1.0125000e+02   3.2475953e+00   5.0701228e+01
   1.0312500e+02   6.4951905e+00   6.1584227e+01
   1.0125000e+02   9.7427858e+00   6.8784073e+01
   1.0312500e+02   1.2990381e+01   7.9082121e+01
   1.0125000e+02   1.6237976e+01   8.6317052e+01
   1.0312500e+02   1.9485572e+01   9.6179013e+01
   1.0125000e+02   2.2733167e+01   1.0316417e+02
   1.0312500e+02   2.5980762e+01   1.1221236e+02
   1.0125000e+02   2.9228357e+01   1.1846891e+02
   1.0312500e+02   3.2475953e+01   1.2630785e+02
   1.0125000e+02   3.5723548e+01   1.3127867e+02
   1.0312500e+02   3.8971143e+01   1.3745627e+02
   1.0125000e+02   4.2218738e+01   1.4048551e+02
   1.0312500e+02   4.5466334e+01   1.4440514e+02
   1.0125000e+02   4.8713929e+01   1.4480025e+02
   1.0312500e+02   5.1961524e+01   1.4577633e+02
   1.0125000e+02   5.5209119e+01   1.4331253e+02
   1.0312500e+02   5.8456715e+01   1.4122789e+02
   1.0125000e+02   6.1704310e+01   1.3647483e+02
   1.0312500e+02   6.4951905e+01   1.3192664e+02
   1.0125000e+02   6.8199501e+01   1.2554392e+02
   1.0312500e+02   7.1447096e+01   1.1920323e+02
   1.0125000e+02   7.4694691e+01   1.1165697e+02
   1.0312500e+02   7.7942286e+01   1.0406387e+02
   1.0125000e+02   8.1189882e+01   9.5688974e+01
   1.0312500e+02   8.4437477e+01   8.7259825e+01
   1.0125000e+02   8.7685072e+01   7.8293754e+01
   1.0312500e+02   9.0932667e+01   6.9221797e+01
   1.0125000e+02   9.4180263e+01   5.9110732e+01
   1.0312500e+02   9.7427858e+01   2.8642457e+01
   1.0687500e+02   0.0000000e+00   2.6442868e+01
   1.0500000e+02   3.2475953e+00   5.3836446e+01
   1.0687500e+02   6.4951905e+00   6.4390893e+01
   1.0500000e+02   9.7427858e+00   7.1780085e+01
   1.0687500e+02   1.2990381e+01   8.1507152e+01
   1.0500000e+02   1.6237976e+01   8.8913058e+01
   1.0687500e+02   1.9485572e+01   9.8129724e+01
   1.0500000e+02   2.2733167e+01   1.0536684e+02
   1.0687500e+02   2.5980762e+01   1.1373140e+02
   1.0500000e+02   2.9228357e+01   1.2037950e+02
   1.0687500e+02   3.2475953e+01   1.2750899e+02
   1.0500000e+02   3.5723548e+01   1.3304409e+02
   1.0687500e+02   3.8971143e+01   1.3848982e+02
   1.0500000e+02   4.2218738e+01   1.4224656e+02
   1.0687500e+02   4.5466334e+01   1.4539069e+02
   1.0500000e+02   4.8713929e+01   1.4653537e+02
   1.0687500e+02   5.1961524e+01   1.4658279e+02
   1.0500000e+02   5.5209119e+01   1.4469676e+02
   1.0687500e+02   5.8456715e+01   1.4160820e+02
   1.0500000e+02   6.1704310e+01   1.3735130e+02
   1.0687500e+02   6.4951905e+01   1.3193575e+02
   1.0500000e+02   6.8199501e+01   1.2601633e+02
   1.0687500e+02   7.1447096e+01   1.1900253e+02
   1.0500000e+02   7.4694691e+01   1.1188127e+02
   1.0687500e+02   7.7942286e+01   1.0380727e+02
   1.0500000e+02   8.1189882e+01   9.5802580e+01
   1.0687500e+02   8.4437477e+01   8.7066988e+01
   1.0500000e+02   8.7685072e+01   7.8392561e+01
   1.0687500e+02   9.0932667e+01   6.9160281e+01
   1.0500000e+02   9.4180263e+01   5.9224347e+01
   1.0687500e+02   9.7427858e+01   2.8654755e+01
   1.1062500e+02   0.0000000e+00   2.7752701e+01
   1.0875000e+02   3.2475953e+00   5.6340510e+01
   1.1062500e+02   6.4951905e+00   6.6469177e+01
   1.0875000e+02   9.7427858e+00   7.4041612e+01
   1.1062500e+02   1.2990381e+01   8.3099498e+01
   1.0875000e+02   1.6237976e+01   9.0666593e+01
   1.1062500e+02   1.9485572e+01   9.9118004e+01
   1.0875000e+02   2.2733167e+01   1.0658194e+02
   1.1062500e+02   2.5980762e+01   1.1411701e+02
   1.0875000e+02   2.9228357e+01   1.2111867e+02
   1.1062500e+02   3.2475953e+01   1.2736303e+02
   1.0875000e+02   3.5723548e+01   1.3342606e+02
   1.1062500e+02   3.8971143e+01   1.3792714e+02
   1.0875000e+02   4.2218738e+01   1.4241666e+02
   1.1062500e+02   4.5466334e+01   1.4454079e+02
   1.0875000e+02   4.8713929e+01   1.4656731e+02
   1.1062500e+02   5.1961524e+01   1.4550033e+02
   1.0875000e+02   5.5209119e+01   1.4443246e+02
   1.1062500e+02   5.8456715e+01   1.4030256e+02
   1.0875000e+02   6.1704310e+01   1.3677384e+02
   1.1062500e+02   6.4951905e+01   1.3053567e+02
   1.0875000e+02   6.8199501e+01   1.2527711e+02
   1.1062500e+02   7.1447096e+01   1.1766509e+02
   1.0875000e+02   7.4694691e+01   1.1114191e+02
   1.1062500e+02   7.7942286e+01   1.0267657e+02
   1.0875000e+02   8.1189882e+01   9.5199715e+01
   1.1062500e+02   8.4437477e+01   8.6258533e+01
   1.0875000e+02   8.7685072e+01   7.8022220e+01
   1.1062500e+02   9.0932667e+01   6.8743846e+01
   1.0875000e+02   9.4180263e+01   5.9117463e+01
   1.1062500e+02   9.7427858e+01   2.8578362e+01
   1.1437500e+02   0.0000000e+00   2.8664371e+01
   1.1250000e+02   3.2475953e+00   5.8152505e+01
   1.1437500e+02   6.4951905e+00   6.7761972e+01
   1.1250000e+02   9.7427858e+00   7.5488051e+01
   1.1437500e+02   1.2990381e+01   8.3793034e+01
   1.1250000e+02   1.6237976e+01   9.1487667e+01
   1.1437500e+02   1.9485572e+01   9.9073830e+01
   1.1250000e+02   2.2733167e+01   1.0671240e+02
   1.1437500e+02   2.5980762e+01   1.1329659e+02
   1.1250000e+02   2.9228357e+01   1.2057597e+02
   1.1437500e+02   3.2475953e+01   1.2578955e+02
   1.1250000e+02   3.5723548e+01   1.3228033e+02
   1.1437500e+02   3.8971143e+01   1.3566411e+02
   1.1250000e+02   4.2218738e+01   1.4077124e+02
   1.1437500e+02   4.5466334e+01   1.4169586e+02
   1.1250000e+02   4.8713929e+01   1.4455706e+02
   1.1437500e+02   5.1961524e+01   1.4234328e+02
   1.1250000e+02   5.5209119e+01   1.4224785e+02
   1.1437500e+02   5.8456715e+01   1.3719131e+02
   1.1250000e+02   6.1704310e+01   1.3458200e+02
   1.1437500e+02   6.4951905e+01   1.2764780e+02
   1.1250000e+02   6.8199501e+01   1.2322348e+02
   1.1437500e+02   7.1447096e+01   1.1513317e+02
   1.1250000e+02   7.4694691e+01   1.0936724e+02
   1.1437500e+02   7.7942286e+01   1.0062672e+02
   1.1250000e+02   8.1189882e+01   9.3829258e+01
   1.1437500e+02   8.4437477e+01   8.4799093e+01
   1.1250000e+02   8.7685072e+01   7.7150251e+01
   1.1437500e+02   9.0932667e+01   6.7947859e+01
   1.1250000e+02   9.4180263e+01   5.8783055e+01
   1.1437500e+02   9.7427858e+01   2.8406405e+01
   1.1812500e+02   0.0000000e+00   2.9161105e+01
   1.1625000e+02   3.2475953e+00   5.9238112e+01
   1.1812500e+02   6.4951905e+00   6.8241416e+01
   1.1625000e+02   9.7427858e+00   7.6074083e+01
   1.1812500e+02   1.2990381e+01   8.3558617e+01
   1.1625000e+02   1.6237976e+01   9.1328675e+01
   1.1812500e+02   1.9485572e+01   9.7972890e+01
   1.1625000e+02   2.2733167e+01   1.0571331e+02
   1.1812500e+02   2.5980762e+01   1.1125784e+02
   1.1625000e+02   2.9228357e+01   1.1871262e+02
   1.1812500e+02   3.2475953e+01   1.2279864e+02
   1.1625000e+02   3.5723548e+01   1.2957718e+02
   1.1812500e+02   3.8971143e+01   1.3175561e+02
   1.1625000e+02   4.2218738e+01   1.3729693e+02
   1.1812500e+02   4.5466334e+01   1.3700203e+02
   1.1625000e+02   4.8713929e+01   1.4051729e+02
   1.1812500e+02   5.1961524e+01   1.3729597e+02
   1.1625000e+02   5.5209119e+01   1.3813896e+02
   1.1812500e+02   5.8456715e+01   1.3235856e+02
   1.1625000e+02   6.1704310e+01   1.3075353e+02
   1.1812500e+02   6.4951905e+01   1.2329780e+02
   1.1625000e+02   6.8199501e+01   1.1982763e+02
   1.1812500e+02   7.1447096e+01   1.1140727e+02
   1.1625000e+02   7.4694691e+01   1.0652847e+02
   1.1812500e+02   7.7942286e+01   9.7645355e+01
   1.1625000e+02   8.1189882e+01   9.1662553e+01
   1.1812500e+02   8.4437477e+01   8.2666929e+01
   1.1625000e+02   8.7685072e+01   7.5747973e+01
   1.1812500e+02   9.0932667e+01   6.6739402e+01
   1.1625000e+02   9.4180263e+01   5.8192345e+01
   1.1812500e+02   9.7427858e+01   2.8111901e+01
   1.2187500e+02   0.0000000e+00   2.9238826e+01
   1.2000000e+02   3.2475953e+00   5.9585039e+01
   1.2187500e+02   6.4951905e+00   6.7904412e+01
   1.2000000e+02   9.7427858e+00   7.5785321e+01
   1.2187500e+02   1.2990381e+01   8.2399338e+01
   1.2000000e+02   1.6237976e+01   9.0180928e+01
   1.2187500e+02   1.9485572e+01   9.5831626e+01
   1.2000000e+02   2.2733167e+01   1.0358956e+02
   1.2187500e+02   2.5980762e+01   1.0804186e+02
   1.2000000e+02   2.9228357e+01   1.1555921e+02
   1.2187500e+02   3.2475953e+01   1.1847520e+02
   1.2000000e+02   3.5723548e+01   1.2539559e+02
   1.2187500e+02   3.8971143e+01   1.2636572e+02
   1.2000000e+02   4.2218738e+01   1.3216858e+02
   1.2187500e+02   4.5466334e+01   1.3074258e+02
   1.2000000e+02   4.8713929e+01   1.3474177e+02
   1.2187500e+02   5.1961524e+01   1.3067668e+02
   1.2000000e+02   5.5209119e+01   1.3233390e+02
   1.2187500e+02   5.8456715e+01   1.2601072e+02
   1.2000000e+02   6.1704310e+01   1.2539640e+02
   1.2187500e+02   6.4951905e+01   1.1759306e+02
   1.2000000e+02   6.8199501e+01   1.1513538e+02
   1.2187500e+02   7.1447096e+01   1.0653918e+02
   1.2000000e+02   7.4694691e+01   1.0263986e+02
   1.2187500e+02   7.7942286e+01   9.3750820e+01
   1.2000000e+02   8.1189882e+01   8.8693809e+01
   1.2187500e+02   8.4437477e+01   7.9854452e+01
   1.2000000e+02   8.7685072e+01   7.3791070e+01
   1.2187500e+02   9.0932667e+01   6.5082327e+01
   1.2000000e+02   9.4180263e+01   5.7297113e+01
   1.2187500e+02   9.7427858e+01   2.7657464e+01
   1.2562500e+02   0.0000000e+00   2.8903932e+01
   1.2375000e+02   3.2475953e+00   5.9198729e+01
   1.2562500e+02   6.4951905e+00   6.6767849e+01
   1.2375000e+02   9.7427858e+00   7.4633306e+01
   1.2562500e+02   1.2990381e+01   8.0344462e+01
   1.2375000e+02   1.6237976e+01   8.8068694e+01
   1.2562500e+02   1.9485572e+01   9.2699020e+01
   1.2375000e+02   2.2733167e+01   1.0038764e+02
   1.2562500e+02   2.5980762e+01   1.0372936e+02
   1.2375000e+02   2.9228357e+01   1.1119974e+02
   1.2562500e+02   3.2475953e+01   1.1294956e+02
   1.2375000e+02   3.5723548e+01   1.1988207e+02
   1.2562500e+02   3.8971143e+01   1.1969533e+02
   1.2375000e+02   4.2218738e+01   1.2562565e+02
   1.2562500e+02   4.5466334e+01   1.2318438e+02
   1.2375000e+02   4.8713929e+01   1.2754049e+02
   1.2562500e+02   5.1961524e+01   1.2276266e+02
   1.2375000e+02   5.5209119e+01   1.2510668e+02
   1.2562500e+02   5.8456715e+01   1.1837427e+02
   1.2375000e+02   6.1704310e+01   1.1868637e+02
   1.2562500e+02   6.4951905e+01   1.1068232e+02
   1.2375000e+02   6.8199501e+01   1.0924554e+02
   1.2562500e+02   7.1447096e+01   1.0061644e+02
   1.2375000e+02   7.4694691e+01   9.7751449e+01
   1.2562500e+02   7.7942286e+01   8.8986548e+01
   1.2375000e+02   8.1189882e+01   8.4938373e+01
   1.2562500e+02   8.4437477e+01   7.6368536e+01
   1.2375000e+02   8.7685072e+01   7.1262946e+01
   1.2562500e+02   9.0932667e+01   6.2946121e+01
   1.2375000e+02   9.4180263e+01   5.6044692e+01
   1.2562500e+02   9.7427858e+01   2.7009170e+01
   1.2937500e+02   0.0000000e+00   2.8170792e+01
   1.2750000e+02   3.2475953e+00   5.8098046e+01
   1.2937500e+02   6.4951905e+00   6.4863411e+01
   1.2750000e+02   9.7427858e+00   7.2649793e+01
   1.2937500e+02   1.2990381e+01   7.7442399e+01
   1.2750000e+02   1.6237976e+01   8.5041506e+01
   1.2937500e+02   1.9485572e+01   8.8646773e+01
   1.2750000e+02   2.2733167e+01   9.6184041e+01
   1.2937500e+02   2.5980762e+01   9.8425387e+01
   1.2750000e+02   2.9228357e+01   1.0575089e+02
   1.2937500e+02   3.2475953e+01   1.0637082e+02
   1.2750000e+02   3.5723548e+01   1.1320812e+02
   1.2937500e+02   3.8971143e+01   1.1194042e+02
   1.2750000e+02   4.2218738e+01   1.1789556e+02
   1.2937500e+02   4.5466334e+01   1.1454821e+02
   1.2750000e+02   4.8713929e+01   1.1916199e+02
   1.2937500e+02   5.1961524e+01   1.1377400e+02
   1.2750000e+02   5.5209119e+01   1.1669498e+02
   1.2937500e+02   5.8456715e+01   1.0965281e+02
   1.2750000e+02   6.1704310e+01   1.1081155e+02
   1.2937500e+02   6.4951905e+01   1.0272407e+02
   1.2750000e+02   6.8199501e+01   1.0228442e+02
   1.2937500e+02   7.1447096e+01   9.3746406e+01
   1.2750000e+02   7.4694691e+01   9.1938358e+01
   1.2937500e+02   7.7942286e+01   8.3414239e+01
   1.2750000e+02   8.1189882e+01   8.0429541e+01
   1.2937500e+02   8.4437477e+01   7.2229888e+01
   1.2750000e+02   8.7685072e+01   6.8158238e+01
   1.2937500e+02   9.0932667e+01   6.0312390e+01
   1.2750000e+02   9.4180263e+01   5.4392165e+01
   1.2937500e+02   9.7427858e+01   2.6144105e+01
   1.3312500e+02   0.0000000e+00   2.7058877e+01
   1.3125000e+02   3.2475953e+00   5.6310762e+01
   1.3312500e+02   6.4951905e+00   6.2231796e+01
   1.3125000e+02   9.7427858e+00   6.9880377e+01
   1.3312500e+02   1.2990381e+01   7.3752896e+01
   1.3125000e+02   1.6237976e+01   8.1165555e+01
   1.3312500e+02   1.9485572e+01   8.3759041e+01
   1.3125000e+02   2.2733167e+01   9.1073249e+01
   1.3312500e+02   2.5980762e+01   9.2245635e+01
   1.3125000e+02   2.9228357e+01   9.9343913e+01
   1.3312500e+02   3.2475953e+01   9.8889904e+01
   1.3125000e+02   3.5723548e+01   1.0554498e+02
   1.3312500e+02   3.8971143e+01   1.0327927e+02
   1.3125000e+02   4.2218738e+01   1.0917616e+02
   1.3312500e+02   4.5466334e+01   1.0501804e+02
   1.3125000e+02   4.8713929e+01   1.0980560e+02
   1.3312500e+02   5.1961524e+01   1.0389050e+02
   1.3125000e+02   5.5209119e+01   1.0729468e+02
   1.3312500e+02   5.8456715e+01   1.0002210e+02
   1.3125000e+02   6.1704310e+01   1.0194770e+02
   1.3312500e+02   6.4951905e+01   9.3871772e+01
   1.3125000e+02   6.8199501e+01   9.4387294e+01
   1.3312500e+02   7.1447096e+01   8.6045046e+01
   1.3125000e+02   7.4694691e+01   8.5290839e+01
   1.3312500e+02   7.7942286e+01   7.7107714e+01
   1.3125000e+02   8.1189882e+01   7.5214679e+01
   1.3312500e+02   8.4437477e+01   6.7471059e+01
   1.3125000e+02   8.7685072e+01   6.4484192e+01
   1.3312500e+02   9.0932667e+01   5.7176325e+01
   1.3125000e+02   9.4180263e+01   5.2312297e+01
   1.3312500e+02   9.7427858e+01   2.5051017e+01
   1.3687500e+02   0.0000000e+00   2.5589171e+01
   1.3500000e+02   3.2475953e+00   5.3868472e+01
   1.3687500e+02   6.4951905e+00   5.8915548e+01
   1.3500000e+02   9.7427858e+00   6.6377131e+01
   1.3687500e+02   1.2990381e+01   6.9337535e+01
   1.3500000e+02   1.6237976e+01   7.6514223e+01
   1.3687500e+02   1.9485572e+01   7.8121145e+01
   1.3500000e+02   2.2733167e+01   8.5156097e+01
   1.3687500e+02   2.5980762e+01   8.5304245e+01
   1.3500000e+02   2.9228357e+01   9.2111379e+01
   1.3687500e+02   3.2475953e+01   9.0649146e+01
   1.3500000e+02   3.5723548e+01   9.7053077e+01
   1.3687500e+02   3.8971143e+01   9.3871029e+01
   1.3500000e+02   4.2218738e+01   9.9639111e+01
   1.3687500e+02   4.5466334e+01   9.4752301e+01
   1.3500000e+02   4.8713929e+01   9.9638328e+01
   1.3687500e+02   5.1961524e+01   9.3265690e+01
   1.3500000e+02   5.5209119e+01   9.7070978e+01
   1.3687500e+02   5.8456715e+01   8.9636141e+01
   1.3500000e+02   6.1704310e+01   9.2253869e+01
   1.3687500e+02   6.4951905e+01   8.4270589e+01
   1.3500000e+02   6.8199501e+01   8.5689400e+01
   1.3687500e+02   7.1447096e+01   7.7631198e+01
   1.3500000e+02   7.4694691e+01   7.7907332e+01
   1.3687500e+02   7.7942286e+01   7.0147860e+01
   1.3500000e+02   8.1189882e+01   6.9351123e+01
   1.3687500e+02   8.4437477e+01   6.2132742e+01
   1.3500000e+02   8.7685072e+01   6.0259029e+01
   1.3687500e+02   9.0932667e+01   5.3543390e+01
   1.3500000e+02   9.4180263e+01   4.9792021e+01
   1.3687500e+02   9.7427858e+01   2.3726886e+01
   1.4062500e+02   0.0000000e+00   2.3778368e+01
   1.3875000e+02   3.2475953e+00   5.0799610e+01
   1.4062500e+02   6.4951905e+00   5.4946812e+01
   1.3875000e+02   9.7427858e+00   6.2188223e+01
   1.4062500e+02   1.2990381e+01   6.4243703e+01
   1.3875000e+02   1.6237976e+01   7.1155489e+01
   1.4062500e+02   1.9485572e+01   7.1801558e+01
   1.3875000e+02   2.2733167e+01   7.8526150e+01
   1.4062500e+02   2.5980762e+01   7.7696027e+01
   1.3875000e+02   2.9228357e+01   8.4174832e+01
   1.4062500e+02   3.2475953e+01   8.1768714e+01
   1.3875000e+02   3.5723548e+01   8.7875766e+01
   1.4062500e+02   3.8971143e+01   8.3850924e+01
   1.3875000e+02   4.2218738e+01   8.9434246e+01
   1.4062500e+02   4.5466334e+01   8.3886679e+01
   1.3875000e+02   4.8713929e+01   8.8804877e+01
   1.4062500e+02   5.1961524e+01   8.2031866e+01
   1.3875000e+02   5.5209119e+01   8.6167652e+01
   1.4062500e+02   5.8456715e+01   7.8631096e+01
   1.3875000e+02   6.1704310e+01   8.1875051e+01
   1.4062500e+02   6.4951905e+01   7.4056772e+01
   1.3875000e+02   6.8199501e+01   7.6323047e+01
   1.4062500e+02   7.1447096e+01   6.8622036e+01
   1.3875000e+02   7.4694691e+01   6.9889530e+01
   1.4062500e+02   7.7942286e+01   6.2615897e+01
   1.3875000e+02   8.1189882e+01   6.2900997e+01
   1.4062500e+02   8.4437477e+01   5.6256101e+01
   1.3875000e+02   8.7685072e+01   5.5506758e+01
   1.4062500e+02   9.0932667e+01   4.9420440e+01
   1.3875000e+02   9.4180263e+01   4.6825794e+01
   1.4062500e+02   9.7427858e+01   2.2170259e+01
   1.4437500e+02   0.0000000e+00   2.1623096e+01
   1.4250000e+02   3.2475953e+00   4.7114504e+01
   1.4437500e+02   6.4951905e+00   5.0310044e+01
   1.4250000e+02   9.7427858e+00   5.7334808e+01
   1.4437500e+02   1.2990381e+01   5.8455636e+01
   1.4250000e+02   1.6237976e+01   6.5124255e+01
   1.4437500e+02   1.9485572e+01   6.4796136e+01
   1.4250000e+02   2.2733167e+01   7.1240223e+01
   1.4437500e+02   2.5980762e+01   6.9438735e+01
   1.4250000e+02   2.9228357e+01   7.5617290e+01
   1.4437500e+02   3.2475953e+01   7.2293314e+01
   1.4250000e+02   3.5723548e+01   7.8118840e+01
   1.4437500e+02   3.8971143e+01   7.3287394e+01
   1.4250000e+02   4.2218738e+01   7.8678449e+01
   1.4437500e+02   4.5466334e+01   7.2502445e+01
   1.4250000e+02   4.8713929e+01   7.7422101e+01
   1.4437500e+02   5.1961524e+01   7.0275641e+01
   1.4250000e+02   5.5209119e+01   7.4703926e+01
   1.4437500e+02   5.8456715e+01   6.7105596e+01
   1.4250000e+02   6.1704310e+01   7.0938805e+01
   1.4437500e+02   6.4951905e+01   6.3338762e+01
   1.4250000e+02   6.8199501e+01   6.6410950e+01
   1.4437500e+02   7.1447096e+01   5.9111256e+01
   1.4250000e+02   7.4694691e+01   6.1332132e+01
   1.4437500e+02   7.7942286e+01   5.4568550e+01
   1.4250000e+02   8.1189882e+01   5.5918737e+01
   1.4437500e+02   8.4437477e+01   4.9856317e+01
   1.4250000e+02   8.7685072e+01   5.0243283e+01
   1.4437500e+02   9.0932667e+01   4.4788083e+01
   1.4250000e+02   9.4180263e+01   4.3401118e+01
   1.4437500e+02   9.7427858e+01   2.0364961e+01
   1.4812500e+02   0.0000000e+00   1.9004465e+01
   1.4625000e+02   3.2475953e+00   4.2740273e+01
   1.4812500e+02   6.4951905e+00   4.4690902e+01
   1.4625000e+02   9.7427858e+00   5.1710431e+01
   1.4812500e+02   1.2990381e+01   5.1568592e+01
   1.4625000e+02   1.6237976e+01   5.8300258e+01
   1.4812500e+02   1.9485572e+01   5.6649857e+01
   1.4625000e+02   2.2733167e+01   6.3183515e+01
   1.4812500e+02   2.5980762e+01   6.0067721e+01
   1.4625000e+02   2.9228357e+01   6.6346300e+01
   1.4812500e+02   3.2475953e+01   6.1789133e+01
   1.4625000e+02   3.5723548e+01   6.7723633e+01
   1.4812500e+02   3.8971143e+01   6.1810413e+01
   1.4625000e+02   4.2218738e+01   6.7347979e+01
   1.4812500e+02   4.5466334e+01   6.0305935e+01
   1.4625000e+02   4.8713929e+01   6.5491246e+01
   1.4812500e+02   5.1961524e+01   5.7767658e+01
   1.4625000e+02   5.5209119e+01   6.2701413e+01
   1.4812500e+02   5.8456715e+01   5.4886092e+01
   1.4625000e+02   6.1704310e+01   5.9491504e+01
   1.4812500e+02   6.4951905e+01   5.1981479e+01
   1.4625000e+02   6.8199501e+01   5.6004405e+01
   1.4812500e+02   7.1447096e+01   4.8962803e+01
   1.4625000e+02   7.4694691e+01   5.2259933e+01
   1.4812500e+02   7.7942286e+01   4.5839666e+01
   1.4625000e+02   8.1189882e+01   4.8387590e+01
   1.4812500e+02   8.4437477e+01   4.2730417e+01
   1.4625000e+02   8.7685072e+01   4.4412464e+01
   1.4812500e+02   9.0932667e+01   3.9412870e+01
   1.4625000e+02   9.4180263e+01   3.9441373e+01
   1.4812500e+02   9.7427858e+01   1.8186780e+01
   1.5187500e+02   0.0000000e+00   8.5444130e+00
   1.5000000e+02   3.2475953e+00   3.6627509e+01
   1.5187500e+02   6.4951905e+00   2.0895882e+01
   1.5000000e+02   9.7427858e+00   4.3826240e+01
   1.5187500e+02   1.2990381e+01   2.4439023e+01
   1.5000000e+02   1.6237976e+01   4.8897232e+01
   1.5187500e+02   1.9485572e+01   2.6990615e+01
   1.5000000e+02   2.2733167e+01   5.2393995e+01
   1.5187500e+02   2.5980762e+01   2.8607781e+01
   1.5000000e+02   2.9228357e+01   5.4356978e+01
   1.5187500e+02   3.2475953e+01   2.9263303e+01
   1.5000000e+02   3.5723548e+01   5.4776314e+01
   1.5187500e+02   3.8971143e+01   2.8959907e+01
   1.5000000e+02   4.2218738e+01   5.3731593e+01
   1.5187500e+02   4.5466334e+01   2.7821756e+01
   1.5000000e+02   4.8713929e+01   5.1553237e+01
   1.5187500e+02   5.1961524e+01   2.6195201e+01
   1.5000000e+02   5.5209119e+01   4.8920887e+01
   1.5187500e+02   5.8456715e+01   2.4594990e+01
   1.5000000e+02   6.1704310e+01   4.6440201e+01
   1.5187500e+02   6.4951905e+01   2.3210546e+01
   1.5000000e+02   6.8199501e+01   4.4089162e+01
   1.5187500e+02   7.1447096e+01   2.1880202e+01
   1.5000000e+02   7.4694691e+01   4.1695911e+01
   1.5187500e+02   7.7942286e+01   2.0563341e+01
   1.5000000e+02   8.1189882e+01   3.9340322e+01
   1.5187500e+02   8.4437477e+01   1.9332510e+01
   1.5000000e+02   8.7685072e+01   3.7038562e+01
   1.5187500e+02   9.0932667e+01   1.8026632e+01
   1.5000000e+02   9.4180263e+01   3.4023991e+01
   1.5187500e+02   9.7427858e+01   8.2175815e+00
