   1.5000000e+00   0.0000000e+00   6.6591930e+00
   0.0000000e+00   2.5980762e+00   8.7390059e+00
   1.5000000e+00   5.1961524e+00   2.2558748e+01
   0.0000000e+00   7.7942286e+00   1.1911832e+01
   1.5000000e+00   1.0392305e+01   2.4500373e+01
   0.0000000e+00   1.2990381e+01   1.2738029e+01
   1.5000000e+00   1.5588457e+01   2.5540013e+01
   0.0000000e+00   1.8186533e+01   1.3129661e+01
   1.5000000e+00   2.0784610e+01   2.5919624e+01
   0.0000000e+00   2.3382686e+01   1.3180643e+01
   1.5000000e+00   2.5980762e+01   2.5770022e+01
   0.0000000e+00   2.8578838e+01   1.2956210e+01
   1.5000000e+00   3.1176915e+01   2.5194783e+01
   0.0000000e+00   3.3774991e+01   1.2515787e+01
   1.5000000e+00   3.6373067e+01   2.4295606e+01
   0.0000000e+00   3.8971143e+01   1.1924015e+01
   1.5000000e+00   4.1569219e+01   2.3192254e+01
   0.0000000e+00   4.4167296e+01   1.1261985e+01
   1.5000000e+00   4.6765372e+01   2.2049285e+01
   0.0000000e+00   4.9363448e+01   1.0646654e+01
   1.5000000e+00   5.1961524e+01   2.1135742e+01
   0.0000000e+00   5.4559600e+01   1.0286868e+01
   1.5000000e+00   5.7157677e+01   2.0988961e+01
   0.0000000e+00   5.9755753e+01   1.0499020e+01
   1.5000000e+00   6.2353829e+01   2.1705462e+01
   0.0000000e+00   6.4951905e+01   1.1026861e+01
   1.5000000e+00   6.7549981e+01   2.2728681e+01
   0.0000000e+00   7.0148058e+01   1.1633728e+01
   1.5000000e+00   7.2746134e+01   2.3761690e+01
   0.0000000e+00   7.5344210e+01   1.2194596e+01
   1.5000000e+00   7.7942286e+01   2.4631051e+01
   0.0000000e+00   8.0540363e+01   1.2624621e+01
   1.5000000e+00   8.3138439e+01   2.5212081e+01
   0.0000000e+00   8.5736515e+01   1.2853706e+01
   1.5000000e+00   8.8334591e+01   2.5391721e+01
   0.0000000e+00   9.0932667e+01   1.2796733e+01
   1.5000000e+00   9.3530744e+01   2.4968612e+01
   0.0000000e+00   9.6128820e+01   1.0239504e+01
   1.5000000e+00   9.8726896e+01   8.2632453e+00
   4.5000000e+00   0.0000000e+00   1.0822670e+01
   3.0000000e+00   2.5980762e+00   2.2270569e+01
   4.5000000e+00   5.1961524e+00   2.4940238e+01
   3.0000000e+00   7.7942286e+00   2.5236011e+01
   4.5000000e+00   1.0392305e+01   2.7246071e+01
   3.0000000e+00   1.2990381e+01   2.6856365e+01
   4.5000000e+00   1.5588457e+01   2.8564541e+01
   3.0000000e+00   1.8186533e+01   2.7671357e+01
   4.5000000e+00   2.0784610e+01   2.9156475e+01
   3.0000000e+00   2.3382686e+01   2.7855301e+01
   4.5000000e+00   2.5980762e+01   2.9165221e+01
   3.0000000e+00   2.8578838e+01   2.7528904e+01
   4.5000000e+00   3.1176915e+01   2.8704856e+01
   3.0000000e+00   3.3774991e+01   2.6800146e+01
   4.5000000e+00   3.6373067e+01   2.7888369e+01
   3.0000000e+00   3.8971143e+01   2.5786036e+01
   4.5000000e+00   4.1569219e+01   2.6849427e+01
   3.0000000e+00   4.4167296e+01   2.4635405e+01
   4.5000000e+00   4.6765372e+01   2.5771733e+01
   3.0000000e+00   4.9363448e+01   2.3568361e+01
   4.5000000e+00   5.1961524e+01   2.4947433e+01
   3.0000000e+00   5.4559600e+01   2.2978128e+01
   4.5000000e+00   5.7157677e+01   2.4821381e+01
   3.0000000e+00   5.9755753e+01   2.3316466e+01
   4.5000000e+00   6.2353829e+01   2.5459574e+01
   3.0000000e+00   6.4951905e+01   2.4231280e+01
   4.5000000e+00   6.7549981e+01   2.6427389e+01
   3.0000000e+00   7.0148058e+01   2.5291351e+01
   4.5000000e+00   7.2746134e+01   2.7409893e+01
   3.0000000e+00   7.5344210e+01   2.6261361e+01
   4.5000000e+00   7.7942286e+01   2.8213921e+01
   3.0000000e+00   8.0540363e+01   2.6986414e+01
   4.5000000e+00   8.3138439e+01   2.8700078e+01
   3.0000000e+00   8.5736515e+01   2.7342859e+01
   4.5000000e+00   8.8334591e+01   2.8739993e+01
   3.0000000e+00   9.0932667e+01   2.7188983e+01
   4.5000000e+00   9.3530744e+01   2.8103895e+01
   3.0000000e+00   9.6128820e+01   2.5922699e+01
   4.5000000e+00   9.8726896e+01   1.3428572e+01
   7.5000000e+00   0.0000000e+00   1.1458343e+01
   6.0000000e+00   2.5980762e+00   2.3772539e+01
   7.5000000e+00   5.1961524e+00   2.6303131e+01
   6.0000000e+00   7.7942286e+00   2.7061670e+01
   7.5000000e+00   1.0392305e+01   2.8913978e+01
   6.0000000e+00   1.2990381e+01   2.8966786e+01
   7.5000000e+00   1.5588457e+01   3.0511379e+01
   6.0000000e+00   1.8186533e+01   3.0028425e+01
   7.5000000e+00   2.0784610e+01   3.1360337e+01
   6.0000000e+00   2.3382686e+01   3.0430285e+01
   7.5000000e+00   2.5980762e+01   3.1608250e+01
   6.0000000e+00   2.8578838e+01   3.0298344e+01
   7.5000000e+00   3.1176915e+01   3.1371841e+01
   6.0000000e+00   3.3774991e+01   2.9744959e+01
   7.5000000e+00   3.6373067e+01   3.0766842e+01
   6.0000000e+00   3.8971143e+01   2.8892621e+01
   7.5000000e+00   4.1569219e+01   2.9931020e+01
   6.0000000e+00   4.4167296e+01   2.7898435e+01
   7.5000000e+00   4.6765372e+01   2.9052377e+01
   6.0000000e+00   4.9363448e+01   2.6992168e+01
   7.5000000e+00   5.1961524e+01   2.8405550e+01
   6.0000000e+00   5.4559600e+01   2.6525399e+01
   7.5000000e+00   5.7157677e+01   2.8310443e+01
   6.0000000e+00   5.9755753e+01   2.6786850e+01
   7.5000000e+00   6.2353829e+01   2.8807575e+01
   6.0000000e+00   6.4951905e+01   2.7561403e+01
   7.5000000e+00   6.7549981e+01   2.9601621e+01
   6.0000000e+00   7.0148058e+01   2.8485863e+01
   7.5000000e+00   7.2746134e+01   3.0406793e+01
   6.0000000e+00   7.5344210e+01   2.9317029e+01
   7.5000000e+00   7.7942286e+01   3.1026483e+01
   6.0000000e+00   8.0540363e+01   2.9890945e+01
   7.5000000e+00   8.3138439e+01   3.1316037e+01
   6.0000000e+00   8.5736515e+01   3.0076258e+01
   7.5000000e+00   8.8334591e+01   3.1140226e+01
   6.0000000e+00   9.0932667e+01   2.9717894e+01
   7.5000000e+00   9.3530744e+01   3.0247461e+01
   6.0000000e+00   9.6128820e+01   2.8170466e+01
   7.5000000e+00   9.8726896e+01   1.4489953e+01
   1.0500000e+01   0.0000000e+00   1.1897076e+01
   9.0000000e+00   2.5980762e+00   2.4776569e+01
   1.0500000e+01   5.1961524e+00   2.7315913e+01
   9.0000000e+00   7.7942286e+00   2.8381887e+01
   1.0500000e+01   1.0392305e+01   3.0240438e+01
   9.0000000e+00   1.2990381e+01   3.0591557e+01
   1.0500000e+01   1.5588457e+01   3.2152820e+01
   9.0000000e+00   1.8186533e+01   3.1942974e+01
   1.0500000e+01   2.0784610e+01   3.3307230e+01
   9.0000000e+00   2.3382686e+01   3.2619765e+01
   1.0500000e+01   2.5980762e+01   3.3848972e+01
   9.0000000e+00   2.8578838e+01   3.2749231e+01
   1.0500000e+01   3.1176915e+01   3.3894432e+01
   9.0000000e+00   3.3774991e+01   3.2445003e+01
   1.0500000e+01   3.6373067e+01   3.3559387e+01
   9.0000000e+00   3.8971143e+01   3.1831327e+01
   1.0500000e+01   4.1569219e+01   3.2981091e+01
   9.0000000e+00   4.4167296e+01   3.1066698e+01
   1.0500000e+01   4.6765372e+01   3.2340613e+01
   9.0000000e+00   4.9363448e+01   3.0371211e+01
   1.0500000e+01   5.1961524e+01   3.1874596e+01
   9.0000000e+00   5.4559600e+01   3.0027588e+01
   1.0500000e+01   5.7157677e+01   3.1809231e+01
   9.0000000e+00   5.9755753e+01   3.0220318e+01
   1.0500000e+01   6.2353829e+01   3.2171210e+01
   9.0000000e+00   6.4951905e+01   3.0817549e+01
   1.0500000e+01   6.7549981e+01   3.2760665e+01
   9.0000000e+00   7.0148058e+01   3.1541114e+01
   1.0500000e+01   7.2746134e+01   3.3339837e+01
   9.0000000e+00   7.5344210e+01   3.2162920e+01
   1.0500000e+01   7.7942286e+01   3.3721824e+01
   9.0000000e+00   8.0540363e+01   3.2517853e+01
   1.0500000e+01   8.3138439e+01   3.3762042e+01
   9.0000000e+00   8.5736515e+01   3.2470855e+01
   1.0500000e+01   8.8334591e+01   3.3321698e+01
   9.0000000e+00   9.0932667e+01   3.1857750e+01
   1.0500000e+01   9.3530744e+01   3.2131620e+01
   9.0000000e+00   9.6128820e+01   2.9965426e+01
   1.0500000e+01   9.8726896e+01   1.5379093e+01
   1.3500000e+01   0.0000000e+00   1.2208282e+01
   1.2000000e+01   2.5980762e+00   2.5513071e+01
   1.3500000e+01   5.1961524e+00   2.8094981e+01
   1.2000000e+01   7.7942286e+00   2.9424486e+01
   1.3500000e+01   1.0392305e+01   3.1341029e+01
   1.2000000e+01   1.2990381e+01   3.1961320e+01
   1.3500000e+01   1.5588457e+01   3.3597017e+01
   1.2000000e+01   1.8186533e+01   3.3642244e+01
   1.3500000e+01   2.0784610e+01   3.5096580e+01
   1.2000000e+01   2.3382686e+01   3.4641172e+01
   1.3500000e+01   2.5980762e+01   3.5976269e+01
   1.2000000e+01   2.8578838e+01   3.5082112e+01
   1.3500000e+01   3.1176915e+01   3.6348074e+01
   1.2000000e+01   3.3774991e+01   3.5076927e+01
   1.3500000e+01   3.6373067e+01   3.6324085e+01
   1.2000000e+01   3.8971143e+01   3.4747820e+01
   1.3500000e+01   4.1569219e+01   3.6035490e+01
   1.2000000e+01   4.4167296e+01   3.4247234e+01
   1.3500000e+01   4.6765372e+01   3.5647206e+01
   1.2000000e+01   4.9363448e+01   3.3772018e+01
   1.3500000e+01   5.1961524e+01   3.5353524e+01
   1.2000000e+01   5.4559600e+01   3.3540520e+01
   1.3500000e+01   5.7157677e+01   3.5316474e+01
   1.2000000e+01   5.9755753e+01   3.3675977e+01
   1.3500000e+01   6.2353829e+01   3.5555223e+01
   1.2000000e+01   6.4951905e+01   3.4094137e+01
   1.3500000e+01   6.7549981e+01   3.5932096e+01
   1.2000000e+01   7.0148058e+01   3.4588444e+01
   1.3500000e+01   7.2746134e+01   3.6258013e+01
   1.2000000e+01   7.5344210e+01   3.4959826e+01
   1.3500000e+01   7.7942286e+01   3.6365520e+01
   1.2000000e+01   8.0540363e+01   3.5050530e+01
   1.3500000e+01   8.3138439e+01   3.6116287e+01
   1.2000000e+01   8.5736515e+01   3.4726138e+01
   1.3500000e+01   8.8334591e+01   3.5372146e+01
   1.2000000e+01   9.0932667e+01   3.3817262e+01
   1.3500000e+01   9.3530744e+01   3.3851982e+01
   1.2000000e+01   9.6128820e+01   3.1553902e+01
   1.3500000e+01   9.8726896e+01   1.6170175e+01
   1.6500000e+01   0.0000000e+00   1.2420125e+01
   1.5000000e+01   2.5980762e+00   2.6051702e+01
   1.6500000e+01   5.1961524e+00   2.8695293e+01
   1.5000000e+01   7.7942286e+00   3.0265877e+01
   1.6500000e+01   1.0392305e+01   3.2270571e+01
   1.5000000e+01   1.2990381e+01   3.3146652e+01
   1.6500000e+01   1.5588457e+01   3.4891770e+01
   1.5000000e+01   1.8186533e+01   3.5188022e+01
   1.6500000e+01   2.0784610e+01   3.6767725e+01
   1.5000000e+01   2.3382686e+01   3.6547146e+01
   1.6500000e+01   2.5980762e+01   3.8020665e+01
   1.5000000e+01   2.8578838e+01   3.7339511e+01
   1.6500000e+01   3.1176915e+01   3.8753520e+01
   1.5000000e+01   3.3774991e+01   3.7671090e+01
   1.6500000e+01   3.6373067e+01   3.9070213e+01
   1.5000000e+01   3.8971143e+01   3.7657325e+01
   1.6500000e+01   4.1569219e+01   3.9090477e+01
   1.5000000e+01   4.4167296e+01   3.7437889e+01
   1.6500000e+01   4.6765372e+01   3.8957694e+01
   1.5000000e+01   4.9363448e+01   3.7180576e+01
   1.6500000e+01   5.1961524e+01   3.8827157e+01
   1.5000000e+01   5.4559600e+01   3.7051980e+01
   1.6500000e+01   5.7157677e+01   3.8817116e+01
   1.5000000e+01   5.9755753e+01   3.7138220e+01
   1.6500000e+01   6.2353829e+01   3.8942522e+01
   1.5000000e+01   6.4951905e+01   3.7383732e+01
   1.6500000e+01   6.7549981e+01   3.9107164e+01
   1.5000000e+01   7.0148058e+01   3.7636436e+01
   1.6500000e+01   7.2746134e+01   3.9164514e+01
   1.5000000e+01   7.5344210e+01   3.7730771e+01
   1.6500000e+01   7.7942286e+01   3.8971504e+01
   1.5000000e+01   8.0540363e+01   3.7523455e+01
   1.6500000e+01   8.3138439e+01   3.8401672e+01
   1.5000000e+01   8.5736515e+01   3.6885794e+01
   1.6500000e+01   8.8334591e+01   3.7322177e+01
   1.5000000e+01   9.0932667e+01   3.5647831e+01
   1.6500000e+01   9.3530744e+01   3.5445706e+01
   1.5000000e+01   9.6128820e+01   3.2992954e+01
   1.6500000e+01   9.8726896e+01   1.6887650e+01
   1.9500000e+01   0.0000000e+00   1.2550395e+01
   1.8000000e+01   2.5980762e+00   2.6432126e+01
   1.9500000e+01   5.1961524e+00   2.9152205e+01
   1.8000000e+01   7.7942286e+00   3.0950482e+01
   1.9500000e+01   1.0392305e+01   3.3065345e+01
   1.8000000e+01   1.2990381e+01   3.4188833e+01
   1.9500000e+01   1.5588457e+01   3.6069047e+01
   1.8000000e+01   1.8186533e+01   3.6614614e+01
   1.9500000e+01   2.0784610e+01   3.8346009e+01
   1.8000000e+01   2.3382686e+01   3.8364082e+01
   1.9500000e+01   2.5980762e+01   4.0000087e+01
   1.8000000e+01   2.8578838e+01   3.9539376e+01
   1.9500000e+01   3.1176915e+01   4.1120679e+01
   1.8000000e+01   3.3774991e+01   4.0236058e+01
   1.9500000e+01   3.6373067e+01   4.1799082e+01
   1.8000000e+01   3.8971143e+01   4.0558069e+01
   1.9500000e+01   4.1569219e+01   4.2139235e+01
   1.8000000e+01   4.4167296e+01   4.0627536e+01
   1.9500000e+01   4.6765372e+01   4.2260769e+01
   1.8000000e+01   4.9363448e+01   4.0582562e+01
   1.9500000e+01   5.1961524e+01   4.2285493e+01
   1.8000000e+01   5.4559600e+01   4.0549881e+01
   1.9500000e+01   5.7157677e+01   4.2301046e+01
   1.8000000e+01   5.9755753e+01   4.0591977e+01
   1.9500000e+01   6.2353829e+01   4.2320026e+01
   1.8000000e+01   6.4951905e+01   4.0671873e+01
   1.9500000e+01   6.7549981e+01   4.2275142e+01
   1.8000000e+01   7.0148058e+01   4.0678260e+01
   1.9500000e+01   7.2746134e+01   4.2055345e+01
   1.8000000e+01   7.5344210e+01   4.0478284e+01
   1.9500000e+01   7.7942286e+01   4.1543430e+01
   1.8000000e+01   8.0540363e+01   3.9947736e+01
   1.9500000e+01   8.3138439e+01   4.0629018e+01
   1.8000000e+01   8.5736515e+01   3.8968466e+01
   1.9500000e+01   8.8334591e+01   3.9189072e+01
   1.8000000e+01   9.0932667e+01   3.7374744e+01
   1.9500000e+01   9.3530744e+01   3.6935392e+01
   1.8000000e+01   9.6128820e+01   3.4312285e+01
   1.9500000e+01   9.8726896e+01   1.7545562e+01
   2.2500000e+01   0.0000000e+00   1.2612121e+01
   2.1000000e+01   2.5980762e+00   2.6682123e+01
   2.2500000e+01   5.1961524e+00   2.9491502e+01
   2.1000000e+01   7.7942286e+00   3.1509305e+01
   2.2500000e+01   1.0392305e+01   3.3752277e+01
   2.1000000e+01   1.2990381e+01   3.5117677e+01
   2.2500000e+01   1.5588457e+01   3.7153456e+01
   2.1000000e+01   1.8186533e+01   3.7947159e+01
   2.2500000e+01   2.0784610e+01   3.9851349e+01
   2.1000000e+01   2.3382686e+01   4.0110884e+01
   2.2500000e+01   2.5980762e+01   4.1928637e+01
   2.1000000e+01   2.8578838e+01   4.1693685e+01
   2.2500000e+01   3.1176915e+01   4.3457339e+01
   2.1000000e+01   3.3774991e+01   4.2776462e+01
   2.2500000e+01   3.6373067e+01   4.4512229e+01
   2.1000000e+01   3.8971143e+01   4.3447567e+01
   2.2500000e+01   4.1569219e+01   4.5178361e+01
   2.1000000e+01   4.4167296e+01   4.3808746e+01
   2.2500000e+01   4.6765372e+01   4.5551325e+01
   2.1000000e+01   4.9363448e+01   4.3970175e+01
   2.2500000e+01   5.1961524e+01   4.5724759e+01
   2.1000000e+01   5.4559600e+01   4.4027919e+01
   2.2500000e+01   5.7157677e+01   4.5764173e+01
   2.1000000e+01   5.9755753e+01   4.4028670e+01
   2.2500000e+01   6.2353829e+01   4.5680969e+01
   2.1000000e+01   6.4951905e+01   4.3948442e+01
   2.2500000e+01   6.7549981e+01   4.5429123e+01
   2.1000000e+01   7.0148058e+01   4.3706971e+01
   2.2500000e+01   7.2746134e+01   4.4927028e+01
   2.1000000e+01   7.5344210e+01   4.3201315e+01
   2.2500000e+01   7.7942286e+01   4.4082979e+01
   2.1000000e+01   8.0540363e+01   4.2328751e+01
   2.2500000e+01   8.3138439e+01   4.2805469e+01
   2.1000000e+01   8.5736515e+01   4.0985623e+01
   2.2500000e+01   8.8334591e+01   4.0985050e+01
   2.1000000e+01   9.0932667e+01   3.9014813e+01
   2.2500000e+01   9.3530744e+01   3.8337237e+01
   2.1000000e+01   9.6128820e+01   3.5532080e+01
   2.2500000e+01   9.8726896e+01   1.8153491e+01
   2.5500000e+01   0.0000000e+00   1.2615518e+01
   2.4000000e+01   2.5980762e+00   2.6822878e+01
   2.5500000e+01   5.1961524e+00   2.9733229e+01
   2.4000000e+01   7.7942286e+00   3.1965807e+01
   2.5500000e+01   1.0392305e+01   3.4352478e+01
   2.4000000e+01   1.2990381e+01   3.5956434e+01
   2.5500000e+01   1.5588457e+01   3.8165039e+01
   2.4000000e+01   1.8186533e+01   3.9206045e+01
   2.5500000e+01   2.0784610e+01   4.1300745e+01
   2.4000000e+01   2.3382686e+01   4.1803423e+01
   2.5500000e+01   2.5980762e+01   4.3819116e+01
   2.4000000e+01   2.8578838e+01   4.3813004e+01
   2.5500000e+01   3.1176915e+01   4.5771663e+01
   2.4000000e+01   3.3774991e+01   4.5297413e+01
   2.5500000e+01   3.6373067e+01   4.7213522e+01
   2.4000000e+01   3.8971143e+01   4.6326237e+01
   2.5500000e+01   4.1569219e+01   4.8208852e+01
   2.4000000e+01   4.4167296e+01   4.6979436e+01
   2.5500000e+01   4.6765372e+01   4.8829858e+01
   2.4000000e+01   4.9363448e+01   4.7341755e+01
   2.5500000e+01   5.1961524e+01   4.9146420e+01
   2.4000000e+01   5.4559600e+01   4.7485273e+01
   2.5500000e+01   5.7157677e+01   4.9207487e+01
   2.4000000e+01   5.9755753e+01   4.7445688e+01
   2.5500000e+01   6.2353829e+01   4.9024068e+01
   2.4000000e+01   6.4951905e+01   4.7208785e+01
   2.5500000e+01   6.7549981e+01   4.8566663e+01
   2.4000000e+01   7.0148058e+01   4.6718739e+01
   2.5500000e+01   7.2746134e+01   4.7778492e+01
   2.4000000e+01   7.5344210e+01   4.5899416e+01
   2.5500000e+01   7.7942286e+01   4.6592238e+01
   2.4000000e+01   8.0540363e+01   4.4670539e+01
   2.5500000e+01   8.3138439e+01   4.4936939e+01
   2.4000000e+01   8.5736515e+01   4.2945880e+01
   2.5500000e+01   8.8334591e+01   4.2719686e+01
   2.4000000e+01   9.0932667e+01   4.0580618e+01
   2.5500000e+01   9.3530744e+01   3.9663536e+01
   2.4000000e+01   9.6128820e+01   3.6667180e+01
   2.5500000e+01   9.8726896e+01   1.8718380e+01
   2.8500000e+01   0.0000000e+00   1.2568921e+01
   2.7000000e+01   2.5980762e+00   2.6871321e+01
   2.8500000e+01   5.1961524e+00   2.9893619e+01
   2.7000000e+01   7.7942286e+00   3.2338609e+01
   2.8500000e+01   1.0392305e+01   3.4883146e+01
   2.7000000e+01   1.2990381e+01   3.6723993e+01
   2.8500000e+01   1.5588457e+01   3.9120716e+01
   2.7000000e+01   1.8186533e+01   4.0408622e+01
   2.8500000e+01   2.0784610e+01   4.2709387e+01
   2.7000000e+01   2.3382686e+01   4.3456062e+01
   2.8500000e+01   2.5980762e+01   4.5683967e+01
   2.7000000e+01   2.8578838e+01   4.5907960e+01
   2.8500000e+01   3.1176915e+01   4.8072981e+01
   2.7000000e+01   3.3774991e+01   4.7805771e+01
   2.8500000e+01   3.6373067e+01   4.9909545e+01
   2.7000000e+01   3.8971143e+01   4.9198011e+01
   2.8500000e+01   4.1569219e+01   5.1235725e+01
   2.7000000e+01   4.4167296e+01   5.0142358e+01
   2.8500000e+01   4.6765372e+01   5.2101373e+01
   2.7000000e+01   4.9363448e+01   5.0700600e+01
   2.8500000e+01   5.1961524e+01   5.2556073e+01
   2.7000000e+01   5.4559600e+01   5.0925603e+01
   2.8500000e+01   5.7157677e+01   5.2635985e+01
   2.7000000e+01   5.9755753e+01   5.0845168e+01
   2.8500000e+01   6.2353829e+01   5.2352345e+01
   2.7000000e+01   6.4951905e+01   5.0452985e+01
   2.8500000e+01   6.7549981e+01   5.1689220e+01
   2.7000000e+01   7.0148058e+01   4.9713234e+01
   2.8500000e+01   7.2746134e+01   5.0611298e+01
   2.7000000e+01   7.5344210e+01   4.8573866e+01
   2.8500000e+01   7.7942286e+01   4.9074392e+01
   2.7000000e+01   8.0540363e+01   4.6977201e+01
   2.8500000e+01   8.3138439e+01   4.7028996e+01
   2.7000000e+01   8.5736515e+01   4.4856467e+01
   2.8500000e+01   8.8334591e+01   4.4400918e+01
   2.7000000e+01   9.0932667e+01   4.2082067e+01
   2.8500000e+01   9.3530744e+01   4.0923881e+01
   2.7000000e+01   9.6128820e+01   3.7728820e+01
   2.8500000e+01   9.8726896e+01   1.9245403e+01
   3.1500000e+01   0.0000000e+00   1.2479345e+01
   3.0000000e+01   2.5980762e+00   2.6841436e+01
   3.1500000e+01   5.1961524e+00   2.9986250e+01
   3.0000000e+01   7.7942286e+00   3.2643041e+01
   3.1500000e+01   1.0392305e+01   3.5358770e+01
   3.0000000e+01   1.2990381e+01   3.7436231e+01
   3.1500000e+01   1.5588457e+01   4.0035242e+01
   3.0000000e+01   1.8186533e+01   4.1570173e+01
   3.1500000e+01   2.0784610e+01   4.4091325e+01
   3.0000000e+01   2.3382686e+01   4.5082386e+01
   3.1500000e+01   2.5980762e+01   4.7535729e+01
   3.0000000e+01   2.8578838e+01   4.7989783e+01
   3.1500000e+01   3.1176915e+01   5.0371976e+01
   3.0000000e+01   3.3774991e+01   5.0310390e+01
   3.1500000e+01   3.6373067e+01   5.2609401e+01
   3.0000000e+01   3.8971143e+01   5.2070059e+01
   3.1500000e+01   4.1569219e+01   5.4267325e+01
   3.0000000e+01   4.4167296e+01   5.3304207e+01
   3.1500000e+01   4.6765372e+01   5.5374361e+01
   3.0000000e+01   4.9363448e+01   5.4053842e+01
   3.1500000e+01   5.1961524e+01   5.5962486e+01
   3.0000000e+01   5.4559600e+01   5.4356064e+01
   3.1500000e+01   5.7157677e+01   5.6057724e+01
   3.0000000e+01   5.9755753e+01   5.4232893e+01
   3.1500000e+01   6.2353829e+01   5.5672076e+01
   3.0000000e+01   6.4951905e+01   5.3684859e+01
   3.1500000e+01   6.7549981e+01   5.4801348e+01
   3.0000000e+01   7.0148058e+01   5.2693210e+01
   3.1500000e+01   7.2746134e+01   5.3429330e+01
   3.0000000e+01   7.5344210e+01   5.1227814e+01
   3.1500000e+01   7.7942286e+01   5.1533818e+01
   3.0000000e+01   8.0540363e+01   4.9253355e+01
   3.1500000e+01   8.3138439e+01   4.9087207e+01
   3.0000000e+01   8.5736515e+01   4.6723859e+01
   3.1500000e+01   8.8334591e+01   4.6035594e+01
   3.0000000e+01   9.0932667e+01   4.3527211e+01
   3.1500000e+01   9.3530744e+01   4.2125917e+01
   3.0000000e+01   9.6128820e+01   3.8725660e+01
   3.1500000e+01   9.8726896e+01   1.9738490e+01
   3.4500000e+01   0.0000000e+00   1.2352865e+01
   3.3000000e+01   2.5980762e+00   2.6745104e+01
   3.4500000e+01   5.1961524e+00   3.0022831e+01
   3.3000000e+01   7.7942286e+00   3.2892143e+01
   3.4500000e+01   1.0392305e+01   3.5791974e+01
   3.3000000e+01   1.2990381e+01   3.8106943e+01
   3.4500000e+01   1.5588457e+01   4.0921926e+01
   3.3000000e+01   1.8186533e+01   4.2704614e+01
   3.4500000e+01   2.0784610e+01   4.5459963e+01
   3.3000000e+01   2.3382686e+01   4.6695641e+01
   3.4500000e+01   2.5980762e+01   4.9387274e+01
   3.3000000e+01   2.8578838e+01   5.0070503e+01
   3.4500000e+01   3.1176915e+01   5.2680658e+01
   3.3000000e+01   3.3774991e+01   5.2822007e+01
   3.4500000e+01   3.6373067e+01   5.5324339e+01
   3.3000000e+01   3.8971143e+01   5.4952268e+01
   3.4500000e+01   4.1569219e+01   5.7314613e+01
   3.3000000e+01   4.4167296e+01   5.6474748e+01
   3.4500000e+01   4.6765372e+01   5.8659933e+01
   3.3000000e+01   4.9363448e+01   5.7411517e+01
   3.4500000e+01   5.1961524e+01   5.9376781e+01
   3.3000000e+01   5.4559600e+01   5.7786460e+01
   3.4500000e+01   5.7157677e+01   5.9483011e+01
   3.3000000e+01   5.9755753e+01   5.7617358e+01
   3.4500000e+01   6.2353829e+01   5.8991909e+01
   3.3000000e+01   6.4951905e+01   5.6911029e+01
   3.4500000e+01   6.7549981e+01   5.7909911e+01
   3.3000000e+01   7.0148058e+01   5.5663869e+01
   3.4500000e+01   7.2746134e+01   5.6238300e+01
   3.3000000e+01   7.5344210e+01   5.3866040e+01
   3.4500000e+01   7.7942286e+01   5.3975923e+01
   3.3000000e+01   8.0540363e+01   5.1504222e+01
   3.4500000e+01   8.3138439e+01   5.1117258e+01
   3.3000000e+01   8.5736515e+01   4.8554106e+01
   3.4500000e+01   8.8334591e+01   4.7629816e+01
   3.3000000e+01   9.0932667e+01   4.4922789e+01
   3.4500000e+01   9.3530744e+01   4.3275883e+01
   3.3000000e+01   9.6128820e+01   3.9664492e+01
   3.4500000e+01   9.8726896e+01   2.0200675e+01
   3.7500000e+01   0.0000000e+00   1.2194892e+01
   3.6000000e+01   2.5980762e+00   2.6592714e+01
   3.7500000e+01   5.1961524e+00   3.0013761e+01
   3.6000000e+01   7.7942286e+00   3.3097364e+01
   3.7500000e+01   1.0392305e+01   3.6194121e+01
   3.6000000e+01   1.2990381e+01   3.8748524e+01
   3.7500000e+01   1.5588457e+01   4.1793178e+01
   3.6000000e+01   1.8186533e+01   4.3825030e+01
   3.7500000e+01   2.0784610e+01   4.6828441e+01
   3.6000000e+01   2.3382686e+01   4.8309058e+01
   3.7500000e+01   2.5980762e+01   5.1251968e+01
   3.6000000e+01   2.8578838e+01   5.2163009e+01
   3.7500000e+01   3.1176915e+01   5.5012238e+01
   3.6000000e+01   3.3774991e+01   5.5352993e+01
   3.7500000e+01   3.6373067e+01   5.8067345e+01
   3.6000000e+01   3.8971143e+01   5.7856687e+01
   3.7500000e+01   4.1569219e+01   6.0390517e+01
   3.6000000e+01   4.4167296e+01   5.9666048e+01
   3.7500000e+01   4.6765372e+01   6.1971080e+01
   3.6000000e+01   4.9363448e+01   6.0785776e+01
   3.7500000e+01   5.1961524e+01   6.2811733e+01
   3.6000000e+01   5.4559600e+01   6.1228501e+01
   3.7500000e+01   5.7157677e+01   6.2923704e+01
   3.6000000e+01   5.9755753e+01   6.1008982e+01
   3.7500000e+01   6.2353829e+01   6.2322093e+01
   3.6000000e+01   6.4951905e+01   6.0140109e+01
   3.7500000e+01   6.7549981e+01   6.1023368e+01
   3.6000000e+01   7.0148058e+01   5.8632217e+01
   3.7500000e+01   7.2746134e+01   5.9045237e+01
   3.6000000e+01   7.5344210e+01   5.6494592e+01
   3.7500000e+01   7.7942286e+01   5.6406890e+01
   3.6000000e+01   8.0540363e+01   5.3735549e+01
   3.7500000e+01   8.3138439e+01   5.3124950e+01
   3.6000000e+01   8.5736515e+01   5.0352996e+01
   3.7500000e+01   8.8334591e+01   4.9189160e+01
   3.6000000e+01   9.0932667e+01   4.6274594e+01
   3.7500000e+01   9.3530744e+01   4.4379004e+01
   3.6000000e+01   9.6128820e+01   4.0550754e+01
   3.7500000e+01   9.8726896e+01   2.0634353e+01
   4.0500000e+01   0.0000000e+00   1.2010398e+01
   3.9000000e+01   2.5980762e+00   2.6393617e+01
   4.0500000e+01   5.1961524e+00   2.9968552e+01
   3.9000000e+01   7.7942286e+00   3.3269077e+01
   4.0500000e+01   1.0392305e+01   3.6575787e+01
   3.9000000e+01   1.2990381e+01   3.9372499e+01
   4.0500000e+01   1.5588457e+01   4.2660958e+01
   3.9000000e+01   1.8186533e+01   4.4944106e+01
   4.0500000e+01   2.0784610e+01   4.8209965e+01
   3.9000000e+01   2.3382686e+01   4.9936093e+01
   4.0500000e+01   2.5980762e+01   5.3143781e+01
   3.9000000e+01   2.8578838e+01   5.4281045e+01
   4.0500000e+01   3.1176915e+01   5.7380981e+01
   3.9000000e+01   3.3774991e+01   5.7917082e+01
   4.0500000e+01   3.6373067e+01   6.0852735e+01
   3.9000000e+01   3.8971143e+01   6.0796999e+01
   4.0500000e+01   4.1569219e+01   6.3509348e+01
   3.9000000e+01   4.4167296e+01   6.2891808e+01
   4.0500000e+01   4.6765372e+01   6.5322017e+01
   3.9000000e+01   4.9363448e+01   6.4190204e+01
   4.0500000e+01   5.1961524e+01   6.6281125e+01
   3.9000000e+01   5.4559600e+01   6.4695150e+01
   4.0500000e+01   5.7157677e+01   6.6392565e+01
   3.9000000e+01   5.9755753e+01   6.4419415e+01
   4.0500000e+01   6.2353829e+01   6.5673817e+01
   3.9000000e+01   6.4951905e+01   6.3381996e+01
   4.0500000e+01   6.7549981e+01   6.4151126e+01
   3.9000000e+01   7.0148058e+01   6.1606447e+01
   4.0500000e+01   7.2746134e+01   6.1857970e+01
   3.9000000e+01   7.5344210e+01   5.9120387e+01
   4.0500000e+01   7.7942286e+01   5.8833384e+01
   3.9000000e+01   8.0540363e+01   5.5953448e+01
   4.0500000e+01   8.3138439e+01   5.5116136e+01
   3.9000000e+01   8.5736515e+01   5.2126131e+01
   4.0500000e+01   8.8334591e+01   5.0718822e+01
   3.9000000e+01   9.0932667e+01   4.7587752e+01
   4.0500000e+01   9.3530744e+01   4.5439785e+01
   3.9000000e+01   9.6128820e+01   4.1388914e+01
   4.0500000e+01   9.8726896e+01   2.1041468e+01
   4.3500000e+01   0.0000000e+00   1.1804093e+01
   4.2000000e+01   2.5980762e+00   2.6156484e+01
   4.3500000e+01   5.1961524e+00   2.9896158e+01
   4.2000000e+01   7.7942286e+00   3.3416970e+01
   4.3500000e+01   1.0392305e+01   3.6947123e+01
   4.2000000e+01   1.2990381e+01   3.9989946e+01
   4.3500000e+01   1.5588457e+01   4.3537173e+01
   4.2000000e+01   1.8186533e+01   4.6074506e+01
   4.3500000e+01   2.0784610e+01   4.9618103e+01
   4.2000000e+01   2.3382686e+01   5.1590648e+01
   4.3500000e+01   2.5980762e+01   5.5077377e+01
   4.2000000e+01   2.8578838e+01   5.6439185e+01
   4.3500000e+01   3.1176915e+01   5.9802047e+01
   4.2000000e+01   3.3774991e+01   6.0529084e+01
   4.3500000e+01   3.6373067e+01   6.3695766e+01
   4.2000000e+01   3.8971143e+01   6.3788033e+01
   4.3500000e+01   4.1569219e+01   6.6686251e+01
   4.2000000e+01   4.4167296e+01   6.6166755e+01
   4.3500000e+01   4.6765372e+01   6.8727586e+01
   4.2000000e+01   4.9363448e+01   6.7639190e+01
   4.3500000e+01   5.1961524e+01   6.9799153e+01
   4.2000000e+01   5.4559600e+01   6.8200003e+01
   4.3500000e+01   5.7157677e+01   6.9902663e+01
   4.2000000e+01   5.9755753e+01   6.7860910e+01
   4.3500000e+01   6.2353829e+01   6.9058586e+01
   4.2000000e+01   6.4951905e+01   6.6647232e+01
   4.3500000e+01   6.7549981e+01   6.7302951e+01
   4.2000000e+01   7.0148058e+01   6.4595378e+01
   4.3500000e+01   7.2746134e+01   6.4684651e+01
   4.2000000e+01   7.5344210e+01   6.1750796e+01
   4.3500000e+01   7.7942286e+01   6.1262236e+01
   4.2000000e+01   8.0540363e+01   5.8164204e+01
   4.3500000e+01   8.3138439e+01   5.7096608e+01
   4.2000000e+01   8.5736515e+01   5.3878942e+01
   4.3500000e+01   8.8334591e+01   5.2223697e+01
   4.2000000e+01   9.0932667e+01   4.8866901e+01
   4.3500000e+01   9.3530744e+01   4.6462233e+01
   4.2000000e+01   9.6128820e+01   4.2182754e+01
   4.3500000e+01   9.8726896e+01   2.1423659e+01
   4.6500000e+01   0.0000000e+00   1.1580566e+01
   4.5000000e+01   2.5980762e+00   2.5889581e+01
   4.6500000e+01   5.1961524e+00   2.9805204e+01
   4.5000000e+01   7.7942286e+00   3.3550346e+01
   4.6500000e+01   1.0392305e+01   3.7318188e+01
   4.5000000e+01   1.2990381e+01   4.0611874e+01
   4.6500000e+01   1.5588457e+01   4.4434079e+01
   4.5000000e+01   1.8186533e+01   4.7229240e+01
   4.6500000e+01   2.0784610e+01   5.1067100e+01
   4.5000000e+01   2.3382686e+01   5.3287272e+01
   4.6500000e+01   2.5980762e+01   5.7068203e+01
   4.5000000e+01   2.8578838e+01   5.8652797e+01
   4.6500000e+01   3.1176915e+01   6.2291311e+01
   4.5000000e+01   3.3774991e+01   6.3204599e+01
   4.6500000e+01   3.6373067e+01   6.6612237e+01
   4.5000000e+01   3.8971143e+01   6.6845286e+01
   4.6500000e+01   4.1569219e+01   6.9936675e+01
   4.5000000e+01   4.4167296e+01   6.9506069e+01
   4.6500000e+01   4.6765372e+01   7.2202665e+01
   4.5000000e+01   4.9363448e+01   7.1147341e+01
   4.6500000e+01   5.1961524e+01   7.3379831e+01
   4.5000000e+01   5.4559600e+01   7.1756705e+01
   4.6500000e+01   5.7157677e+01   7.3466779e+01
   4.5000000e+01   5.9755753e+01   7.1345725e+01
   4.6500000e+01   6.2353829e+01   7.2487635e+01
   4.5000000e+01   6.4951905e+01   6.9946406e+01
   4.6500000e+01   6.7549981e+01   7.0488404e+01
   4.5000000e+01   7.0148058e+01   6.7607915e+01
   4.6500000e+01   7.2746134e+01   6.7533274e+01
   4.5000000e+01   7.5344210e+01   6.4393247e+01
   4.6500000e+01   7.7942286e+01   6.3700121e+01
   4.5000000e+01   8.0540363e+01   6.0374043e+01
   4.6500000e+01   8.3138439e+01   5.9071960e+01
   4.5000000e+01   8.5736515e+01   5.5616658e+01
   4.6500000e+01   8.8334591e+01   5.3708418e+01
   4.5000000e+01   9.0932667e+01   5.0116339e+01
   4.6500000e+01   9.3530744e+01   4.7450030e+01
   4.5000000e+01   9.6128820e+01   4.2935604e+01
   4.6500000e+01   9.8726896e+01   2.1782387e+01
   4.9500000e+01   0.0000000e+00   1.1344381e+01
   4.8000000e+01   2.5980762e+00   2.5600964e+01
   4.9500000e+01   5.1961524e+00   2.9704124e+01
   4.8000000e+01   7.7942286e+00   3.3678363e+01
   4.9500000e+01   1.0392305e+01   3.7699290e+01
   4.8000000e+01   1.2990381e+01   4.1249625e+01
   4.9500000e+01   1.5588457e+01   4.5364777e+01
   4.8000000e+01   1.8186533e+01   4.8422070e+01
   4.9500000e+01   2.0784610e+01   5.2572244e+01
   4.8000000e+01   2.3382686e+01   5.5041382e+01
   4.9500000e+01   2.5980762e+01   5.9132568e+01
   4.8000000e+01   2.8578838e+01   6.0937982e+01
   4.9500000e+01   3.1176915e+01   6.4865154e+01
   4.8000000e+01   3.3774991e+01   6.5959711e+01
   4.9500000e+01   3.6373067e+01   6.9618063e+01
   4.8000000e+01   3.8971143e+01   6.9984436e+01
   4.9500000e+01   4.1569219e+01   7.3275813e+01
   4.8000000e+01   4.4167296e+01   7.2924809e+01
   4.9500000e+01   4.6765372e+01   7.5761566e+01
   4.8000000e+01   4.9363448e+01   7.4728878e+01
   4.9500000e+01   5.1961524e+01   7.7036389e+01
   4.8000000e+01   5.4559600e+01   7.5378352e+01
   4.9500000e+01   5.7157677e+01   7.7096812e+01
   4.8000000e+01   5.9755753e+01   7.4885529e+01
   4.9500000e+01   6.2353829e+01   7.5971332e+01
   4.8000000e+01   6.4951905e+01   7.3289577e+01
   4.9500000e+01   6.7549981e+01   7.3716280e+01
   4.8000000e+01   7.0148058e+01   7.0652526e+01
   4.9500000e+01   7.2746134e+01   7.0411202e+01
   4.8000000e+01   7.5344210e+01   6.7054813e+01
   4.9500000e+01   7.7942286e+01   6.6153220e+01
   4.8000000e+01   8.0540363e+01   6.2588895e+01
   4.9500000e+01   8.3138439e+01   6.1047420e+01
   4.8000000e+01   8.5736515e+01   5.7344245e+01
   4.9500000e+01   8.8334591e+01   5.5177372e+01
   4.8000000e+01   9.0932667e+01   5.1340117e+01
   4.9500000e+01   9.3530744e+01   4.8406695e+01
   4.8000000e+01   9.6128820e+01   4.3650541e+01
   4.9500000e+01   9.8726896e+01   2.2119050e+01
   5.2500000e+01   0.0000000e+00   1.1100071e+01
   5.1000000e+01   2.5980762e+00   2.5298519e+01
   5.2500000e+01   5.1961524e+00   2.9601128e+01
   5.1000000e+01   7.7942286e+00   3.3810241e+01
   5.2500000e+01   1.0392305e+01   3.8101514e+01
   5.1000000e+01   1.2990381e+01   4.1915425e+01
   5.2500000e+01   1.5588457e+01   4.6343924e+01
   5.1000000e+01   1.8186533e+01   4.9668046e+01
   5.2500000e+01   2.0784610e+01   5.4150302e+01
   5.1000000e+01   2.3382686e+01   5.6869502e+01
   5.2500000e+01   2.5980762e+01   6.1287685e+01
   5.1000000e+01   2.8578838e+01   6.3311480e+01
   5.2500000e+01   3.1176915e+01   6.7540172e+01
   5.1000000e+01   3.3774991e+01   6.8810617e+01
   5.2500000e+01   3.6373067e+01   7.2728761e+01
   5.1000000e+01   3.8971143e+01   7.3220811e+01
   5.2500000e+01   4.1569219e+01   7.6717987e+01
   5.1000000e+01   4.4167296e+01   7.6437304e+01
   5.2500000e+01   4.6765372e+01   7.9417388e+01
   5.1000000e+01   4.9363448e+01   7.8397018e+01
   5.2500000e+01   5.1961524e+01   8.0780629e+01
   5.1000000e+01   5.4559600e+01   7.9076878e+01
   5.2500000e+01   5.7157677e+01   8.0803152e+01
   5.1000000e+01   5.9755753e+01   7.8490800e+01
   5.2500000e+01   6.2353829e+01   7.9518576e+01
   5.1000000e+01   6.4951905e+01   7.6685691e+01
   5.2500000e+01   6.7549981e+01   7.6994041e+01
   5.1000000e+01   7.0148058e+01   7.3736713e+01
   5.2500000e+01   7.2746134e+01   7.3324670e+01
   5.1000000e+01   7.5344210e+01   6.9741785e+01
   5.2500000e+01   7.7942286e+01   6.8626844e+01
   5.1000000e+01   8.0540363e+01   6.4814119e+01
   5.2500000e+01   8.3138439e+01   6.3027649e+01
   5.1000000e+01   8.5736515e+01   5.9066318e+01
   5.2500000e+01   8.8334591e+01   5.6634686e+01
   5.1000000e+01   9.0932667e+01   5.2542125e+01
   5.2500000e+01   9.3530744e+01   4.9335726e+01
   5.1000000e+01   9.6128820e+01   4.4330583e+01
   5.2500000e+01   9.8726896e+01   2.2435112e+01
   5.5500000e+01   0.0000000e+00   1.0851830e+01
   5.4000000e+01   2.5980762e+00   2.4989659e+01
   5.5500000e+01   5.1961524e+00   2.9504012e+01
   5.4000000e+01   7.7942286e+00   3.3955597e+01
   5.5500000e+01   1.0392305e+01   3.8537807e+01
   5.4000000e+01   1.2990381e+01   4.2623294e+01
   5.5500000e+01   1.5588457e+01   4.7388813e+01
   5.4000000e+01   1.8186533e+01   5.0984207e+01
   5.5500000e+01   2.0784610e+01   5.5820031e+01
   5.4000000e+01   2.3382686e+01   5.8789497e+01
   5.5500000e+01   2.5980762e+01   6.3551627e+01
   5.4000000e+01   2.8578838e+01   6.5790478e+01
   5.5500000e+01   3.1176915e+01   7.0332754e+01
   5.4000000e+01   3.3774991e+01   7.1773159e+01
   5.5500000e+01   3.6373067e+01   7.5958834e+01
   5.4000000e+01   3.8971143e+01   7.6568767e+01
   5.5500000e+01   4.1569219e+01   8.0275953e+01
   5.4000000e+01   4.4167296e+01   8.0056482e+01
   5.5500000e+01   4.6765372e+01   8.3181314e+01
   5.4000000e+01   4.9363448e+01   8.2163302e+01
   5.5500000e+01   5.1961524e+01   8.4622249e+01
   5.4000000e+01   5.4559600e+01   8.2862407e+01
   5.5500000e+01   5.7157677e+01   8.4594024e+01
   5.4000000e+01   5.9755753e+01   8.2170195e+01
   5.5500000e+01   6.2353829e+01   8.3136162e+01
   5.4000000e+01   6.4951905e+01   8.0141974e+01
   5.5500000e+01   6.7549981e+01   8.0327220e+01
   5.4000000e+01   7.0148058e+01   7.6866461e+01
   5.5500000e+01   7.2746134e+01   7.6278264e+01
   5.4000000e+01   7.5344210e+01   7.2459227e+01
   5.5500000e+01   7.7942286e+01   7.1125038e+01
   5.4000000e+01   8.0540363e+01   6.7054198e+01
   5.5500000e+01   8.3138439e+01   6.5016508e+01
   5.4000000e+01   8.5736515e+01   6.0787013e+01
   5.5500000e+01   8.8334591e+01   5.8084194e+01
   5.4000000e+01   9.0932667e+01   5.3726165e+01
   5.5500000e+01   9.3530744e+01   5.0240770e+01
   5.4000000e+01   9.6128820e+01   4.4978902e+01
   5.5500000e+01   9.8726896e+01   2.2732250e+01
   5.8500000e+01   0.0000000e+00   1.0602089e+01
   5.7000000e+01   2.5980762e+00   2.4680076e+01
   5.8500000e+01   5.1961524e+00   2.9420627e+01
   5.7000000e+01   7.7942286e+00   3.4125534e+01
   5.8500000e+01   1.0392305e+01   3.9025369e+01
   5.7000000e+01   1.2990381e+01   4.3390648e+01
   5.8500000e+01   1.5588457e+01   4.8520886e+01
   5.7000000e+01   1.8186533e+01   5.2390488e+01
   5.8500000e+01   2.0784610e+01   5.7602642e+01
   5.7000000e+01   2.3382686e+01   6.0820735e+01
   5.8500000e+01   2.5980762e+01   6.5943078e+01
   5.7000000e+01   2.8578838e+01   6.8392262e+01
   5.8500000e+01   3.1176915e+01   7.3258454e+01
   5.7000000e+01   3.3774991e+01   7.4862194e+01
   5.8500000e+01   3.6373067e+01   7.9320976e+01
   5.7000000e+01   3.8971143e+01   8.0040950e+01
   5.8500000e+01   4.1569219e+01   8.3960077e+01
   5.7000000e+01   4.4167296e+01   8.3793116e+01
   5.8500000e+01   4.6765372e+01   8.7061825e+01
   5.7000000e+01   4.9363448e+01   8.6036868e+01
   5.8500000e+01   5.1961524e+01   8.8568097e+01
   5.7000000e+01   5.4559600e+01   8.6742553e+01
   5.8500000e+01   5.7157677e+01   8.8474782e+01
   5.7000000e+01   5.9755753e+01   8.5929880e+01
   5.8500000e+01   6.2353829e+01   8.6828108e+01
   5.7000000e+01   6.4951905e+01   8.3663301e+01
   5.8500000e+01   6.7549981e+01   8.3718781e+01
   5.7000000e+01   7.0148058e+01   8.0045655e+01
   5.8500000e+01   7.2746134e+01   7.9274345e+01
   5.7000000e+01   7.5344210e+01   7.5210469e+01
   5.8500000e+01   7.7942286e+01   7.3650108e+01
   5.7000000e+01   8.0540363e+01   6.9312382e+01
   5.8500000e+01   8.3138439e+01   6.7016756e+01
   5.7000000e+01   8.5736515e+01   6.2509836e+01
   5.8500000e+01   8.8334591e+01   5.9529368e+01
   5.7000000e+01   9.0932667e+01   5.4896017e+01
   5.8500000e+01   9.3530744e+01   5.1125801e+01
   5.7000000e+01   9.6128820e+01   4.5599068e+01
   5.8500000e+01   9.8726896e+01   2.3012535e+01
   6.1500000e+01   0.0000000e+00   1.0348859e+01
   6.0000000e+01   2.5980762e+00   2.4371664e+01
   6.1500000e+01   5.1961524e+00   2.9365470e+01
   6.0000000e+01   7.7942286e+00   3.4336365e+01
   6.1500000e+01   1.0392305e+01   3.9589928e+01
   6.0000000e+01   1.2990381e+01   4.4240805e+01
   6.1500000e+01   1.5588457e+01   4.9767436e+01
   6.0000000e+01   1.8186533e+01   5.3910664e+01
   6.1500000e+01   2.0784610e+01   5.9521984e+01
   6.0000000e+01   2.3382686e+01   6.2984003e+01
   6.1500000e+01   2.5980762e+01   6.8480735e+01
   6.0000000e+01   2.8578838e+01   7.1133590e+01
   6.1500000e+01   3.1176915e+01   7.6331062e+01
   6.0000000e+01   3.3774991e+01   7.8090748e+01
   6.1500000e+01   3.6373067e+01   8.2825086e+01
   6.0000000e+01   3.8971143e+01   8.3647403e+01
   6.1500000e+01   4.1569219e+01   8.7777392e+01
   6.0000000e+01   4.4167296e+01   8.7654965e+01
   6.1500000e+01   4.6765372e+01   9.1063827e+01
   6.0000000e+01   4.9363448e+01   9.0023654e+01
   6.1500000e+01   5.1961524e+01   9.2621375e+01
   6.0000000e+01   5.4559600e+01   9.0721681e+01
   6.1500000e+01   5.7157677e+01   9.2447165e+01
   6.0000000e+01   5.9755753e+01   8.9772828e+01
   6.1500000e+01   6.2353829e+01   9.0594938e+01
   6.0000000e+01   6.4951905e+01   8.7251513e+01
   6.1500000e+01   6.7549981e+01   8.7168442e+01
   6.0000000e+01   7.0148058e+01   8.3275443e+01
   6.1500000e+01   7.2746134e+01   8.2312426e+01
   6.0000000e+01   7.5344210e+01   7.7996564e+01
   6.1500000e+01   7.7942286e+01   7.6202098e+01
   6.0000000e+01   8.0540363e+01   7.1590268e+01
   6.1500000e+01   8.3138439e+01   6.9029680e+01
   6.0000000e+01   8.5736515e+01   6.4237431e+01
   6.1500000e+01   8.8334591e+01   6.0973182e+01
   6.0000000e+01   9.0932667e+01   5.6055481e+01
   6.1500000e+01   9.3530744e+01   5.1995307e+01
   6.0000000e+01   9.6128820e+01   4.6195355e+01
   6.1500000e+01   9.8726896e+01   2.3278670e+01
   6.4500000e+01   0.0000000e+00   1.0111737e+01
   6.3000000e+01   2.5980762e+00   2.4078523e+01
   6.4500000e+01   5.1961524e+00   2.9376104e+01
   6.3000000e+01   7.7942286e+00   3.4617532e+01
   6.4500000e+01   1.0392305e+01   4.0270483e+01
   6.3000000e+01   1.2990381e+01   4.5205894e+01
   6.4500000e+01   1.5588457e+01   5.1162788e+01
   6.3000000e+01   1.8186533e+01   5.5572948e+01
   6.4500000e+01   2.0784610e+01   6.1604072e+01
   6.3000000e+01   2.3382686e+01   6.5300954e+01
   6.4500000e+01   2.5980762e+01   7.1182156e+01
   6.3000000e+01   2.8578838e+01   7.4029674e+01
   6.4500000e+01   3.1176915e+01   7.9561314e+01
   6.3000000e+01   3.3774991e+01   8.1468885e+01
   6.4500000e+01   3.6373067e+01   8.6477033e+01
   6.3000000e+01   3.8971143e+01   8.7394493e+01
   6.4500000e+01   4.1569219e+01   9.1730508e+01
   6.3000000e+01   4.4167296e+01   9.1645815e+01
   6.4500000e+01   4.6765372e+01   9.5187707e+01
   6.3000000e+01   4.9363448e+01   9.4125536e+01
   6.4500000e+01   5.1961524e+01   9.6780794e+01
   6.3000000e+01   5.4559600e+01   9.4800114e+01
   6.4500000e+01   5.7157677e+01   9.6508509e+01
   6.3000000e+01   5.9755753e+01   9.3698061e+01
   6.4500000e+01   6.2353829e+01   9.4432931e+01
   6.3000000e+01   6.4951905e+01   9.0904698e+01
   6.4500000e+01   6.7549981e+01   9.0671943e+01
   6.3000000e+01   7.0148058e+01   8.6553555e+01
   6.4500000e+01   7.2746134e+01   8.5388481e+01
   6.3000000e+01   7.5344210e+01   8.0815659e+01
   6.4500000e+01   7.7942286e+01   7.8778170e+01
   6.3000000e+01   8.0540363e+01   7.3887289e+01
   6.4500000e+01   8.3138439e+01   7.1054607e+01
   6.3000000e+01   8.5736515e+01   6.5971268e+01
   6.4500000e+01   8.8334591e+01   6.2417874e+01
   6.3000000e+01   9.0932667e+01   5.7208368e+01
   6.4500000e+01   9.3530744e+01   5.2854432e+01
   6.3000000e+01   9.6128820e+01   4.6773079e+01
   6.4500000e+01   9.8726896e+01   2.3534265e+01
   6.7500000e+01   0.0000000e+00   9.9347040e+00
   6.6000000e+01   2.5980762e+00   2.3858051e+01
   6.7500000e+01   5.1961524e+00   2.9516870e+01
   6.6000000e+01   7.7942286e+00   3.5018339e+01
   6.7500000e+01   1.0392305e+01   4.1121342e+01
   6.6000000e+01   1.2990381e+01   4.6328723e+01
   6.7500000e+01   1.5588457e+01   5.2747989e+01
   6.6000000e+01   1.8186533e+01   5.7409610e+01
   6.7500000e+01   2.0784610e+01   6.3875512e+01
   6.6000000e+01   2.3382686e+01   6.7792791e+01
   6.7500000e+01   2.5980762e+01   7.4061915e+01
   6.6000000e+01   2.8578838e+01   7.7092647e+01
   6.7500000e+01   3.1176915e+01   8.2955176e+01
   6.6000000e+01   3.3774991e+01   8.5002283e+01
   6.7500000e+01   3.6373067e+01   9.0277209e+01
   6.6000000e+01   3.8971143e+01   9.1283671e+01
   6.7500000e+01   4.1569219e+01   9.5816407e+01
   6.6000000e+01   4.4167296e+01   9.5764411e+01
   6.7500000e+01   4.6765372e+01   9.9428313e+01
   6.6000000e+01   4.9363448e+01   9.8339405e+01
   6.7500000e+01   5.1961524e+01   1.0103968e+02
   6.6000000e+01   5.4559600e+01   9.8973295e+01
   6.7500000e+01   5.7157677e+01   1.0065092e+02
   6.6000000e+01   5.9755753e+01   9.7699869e+01
   6.7500000e+01   6.2353829e+01   9.8333326e+01
   6.6000000e+01   6.4951905e+01   9.4616430e+01
   6.7500000e+01   6.7549981e+01   9.4220281e+01
   6.6000000e+01   7.0148058e+01   8.9873568e+01
   6.7500000e+01   7.2746134e+01   8.8494211e+01
   6.6000000e+01   7.5344210e+01   8.3662315e+01
   6.7500000e+01   7.7942286e+01   8.1371912e+01
   6.6000000e+01   8.0540363e+01   7.6200107e+01
   6.7500000e+01   8.3138439e+01   7.3088290e+01
   6.6000000e+01   8.5736515e+01   6.7711178e+01
   6.7500000e+01   8.8334591e+01   6.3864505e+01
   6.6000000e+01   9.0932667e+01   5.8358345e+01
   6.7500000e+01   9.3530744e+01   5.3708974e+01
   6.6000000e+01   9.6128820e+01   4.7338949e+01
   6.7500000e+01   9.8726896e+01   2.3784126e+01
   7.0500000e+01   0.0000000e+00   9.8640258e+00
   6.9000000e+01   2.5980762e+00   2.3787786e+01
   7.0500000e+01   5.1961524e+00   2.9870557e+01
   6.9000000e+01   7.7942286e+00   3.5607495e+01
   7.0500000e+01   1.0392305e+01   4.2210950e+01
   6.9000000e+01   1.2990381e+01   4.7662288e+01
   7.0500000e+01   1.5588457e+01   5.4568238e+01
   6.9000000e+01   1.8186533e+01   5.9455015e+01
   7.0500000e+01   2.0784610e+01   6.6360483e+01
   6.9000000e+01   2.3382686e+01   7.0477945e+01
   7.0500000e+01   2.5980762e+01   7.7128965e+01
   6.9000000e+01   2.8578838e+01   8.0329478e+01
   7.0500000e+01   3.1176915e+01   8.6511750e+01
   6.9000000e+01   3.3774991e+01   8.8690499e+01
   7.0500000e+01   3.6373067e+01   9.4218884e+01
   6.9000000e+01   3.8971143e+01   9.5310069e+01
   7.0500000e+01   4.1569219e+01   1.0002515e+02
   6.9000000e+01   4.4167296e+01   1.0000333e+02
   7.0500000e+01   4.6765372e+01   1.0377390e+02
   6.9000000e+01   4.9363448e+01   1.0265621e+02
   7.0500000e+01   5.1961524e+01   1.0538507e+02
   6.9000000e+01   5.4559600e+01   1.0323093e+02
   7.0500000e+01   5.7157677e+01   1.0486044e+02
   6.9000000e+01   5.9755753e+01   1.0176699e+02
   7.0500000e+01   6.2353829e+01   1.0228151e+02
   6.9000000e+01   6.4951905e+01   9.8374971e+01
   7.0500000e+01   6.7549981e+01   9.7798904e+01
   6.9000000e+01   7.0148058e+01   9.3224130e+01
   7.0500000e+01   7.2746134e+01   9.1616254e+01
   6.9000000e+01   7.5344210e+01   8.6526747e+01
   7.0500000e+01   7.7942286e+01   8.3972566e+01
   6.9000000e+01   8.0540363e+01   7.8521891e+01
   7.0500000e+01   8.3138439e+01   7.5124140e+01
   6.9000000e+01   8.5736515e+01   6.9454715e+01
   7.0500000e+01   8.8334591e+01   6.5312248e+01
   6.9000000e+01   9.0932667e+01   5.9508536e+01
   7.0500000e+01   9.3530744e+01   5.4565019e+01
   6.9000000e+01   9.6128820e+01   4.7901255e+01
   7.0500000e+01   9.8726896e+01   2.4034438e+01
   7.3500000e+01   0.0000000e+00   9.9570269e+00
   7.2000000e+01   2.5980762e+00   2.3958402e+01
   7.3500000e+01   5.1961524e+00   3.0542295e+01
   7.2000000e+01   7.7942286e+00   3.6471576e+01
   7.3500000e+01   1.0392305e+01   4.3618709e+01
   7.2000000e+01   1.2990381e+01   4.9266503e+01
   7.3500000e+01   1.5588457e+01   5.6667387e+01
   7.2000000e+01   1.8186533e+01   6.1741571e+01
   7.3500000e+01   2.0784610e+01   6.9076129e+01
   7.2000000e+01   2.3382686e+01   7.3368646e+01
   7.3500000e+01   2.5980762e+01   8.0383328e+01
   7.2000000e+01   2.8578838e+01   8.3739369e+01
   7.3500000e+01   3.1176915e+01   9.0220924e+01
   7.2000000e+01   3.3774991e+01   9.2525022e+01
   7.3500000e+01   3.6373067e+01   9.8286477e+01
   7.2000000e+01   3.8971143e+01   9.9461012e+01
   7.3500000e+01   4.1569219e+01   1.0433853e+02
   7.2000000e+01   4.4167296e+01   1.0434778e+02
   7.3500000e+01   4.6765372e+01   1.0820508e+02
   7.2000000e+01   4.9363448e+01   1.0705997e+02
   7.3500000e+01   5.1961524e+01   1.0979679e+02
   7.2000000e+01   5.4559600e+01   1.0755612e+02
   7.3500000e+01   5.7157677e+01   1.0911617e+02
   7.2000000e+01   5.9755753e+01   1.0588176e+02
   7.3500000e+01   6.2353829e+01   1.0625616e+02
   7.2000000e+01   6.4951905e+01   1.0216245e+02
   7.3500000e+01   6.7549981e+01   1.0138690e+02
   7.2000000e+01   7.0148058e+01   9.6588156e+01
   7.3500000e+01   7.2746134e+01   9.4735405e+01
   7.2000000e+01   7.5344210e+01   8.9394048e+01
   7.3500000e+01   7.7942286e+01   8.6564234e+01
   7.2000000e+01   8.0540363e+01   8.0841514e+01
   7.3500000e+01   8.3138439e+01   7.7151341e+01
   7.2000000e+01   8.5736515e+01   7.1196282e+01
   7.3500000e+01   8.8334591e+01   6.6757338e+01
   7.2000000e+01   9.0932667e+01   6.0660680e+01
   7.3500000e+01   9.3530744e+01   5.5427886e+01
   7.2000000e+01   9.6128820e+01   4.8469586e+01
   7.3500000e+01   9.8726896e+01   2.4292515e+01
   7.6500000e+01   0.0000000e+00   1.0296107e+01
   7.5000000e+01   2.5980762e+00   2.4491682e+01
   7.6500000e+01   5.1961524e+00   3.1671546e+01
   7.5000000e+01   7.7942286e+00   3.7715588e+01
   7.6500000e+01   1.0392305e+01   4.5426158e+01
   7.5000000e+01   1.2990381e+01   5.1200950e+01
   7.6500000e+01   1.5588457e+01   5.9078712e+01
   7.5000000e+01   1.8186533e+01   6.4293311e+01
   7.6500000e+01   2.0784610e+01   7.2026619e+01
   7.5000000e+01   2.3382686e+01   7.6466577e+01
   7.6500000e+01   2.5980762e+01   8.3812460e+01
   7.5000000e+01   2.8578838e+01   8.7310865e+01
   7.6500000e+01   3.1176915e+01   9.4060990e+01
   7.5000000e+01   3.3774991e+01   9.6487246e+01
   7.6500000e+01   3.6373067e+01   1.0245386e+02
   7.5000000e+01   3.8971143e+01   1.0371452e+02
   7.6500000e+01   4.1569219e+01   1.0872882e+02
   7.5000000e+01   4.4167296e+01   1.0877446e+02
   7.6500000e+01   4.6765372e+01   1.1269375e+02
   7.5000000e+01   4.9363448e+01   1.1152681e+02
   7.6500000e+01   5.1961524e+01   1.1424653e+02
   7.5000000e+01   5.4559600e+01   1.1192444e+02
   7.6500000e+01   5.7157677e+01   1.1338942e+02
   7.5000000e+01   5.9755753e+01   1.1001929e+02
   7.6500000e+01   6.2353829e+01   1.1022841e+02
   7.5000000e+01   6.4951905e+01   1.0595402e+02
   7.6500000e+01   6.7549981e+01   1.0495617e+02
   7.5000000e+01   7.0148058e+01   9.9942038e+01
   7.6500000e+01   7.2746134e+01   9.7825846e+01
   7.5000000e+01   7.5344210e+01   9.2243410e+01
   7.6500000e+01   7.7942286e+01   8.9125126e+01
   7.5000000e+01   8.0540363e+01   8.3142724e+01
   7.6500000e+01   8.3138439e+01   7.9153946e+01
   7.5000000e+01   8.5736515e+01   7.2926097e+01
   7.6500000e+01   8.8334591e+01   6.8191722e+01
   7.5000000e+01   9.0932667e+01   6.1813729e+01
   7.6500000e+01   9.3530744e+01   5.6300092e+01
   7.5000000e+01   9.6128820e+01   4.9053448e+01
   7.6500000e+01   9.8726896e+01   2.4565565e+01
   7.9500000e+01   0.0000000e+00   1.1019217e+01
   7.8000000e+01   2.5980762e+00   2.5572634e+01
   7.9500000e+01   5.1961524e+00   3.3425589e+01
   7.8000000e+01   7.7942286e+00   3.9453617e+01
   7.9500000e+01   1.0392305e+01   4.7693890e+01
   7.8000000e+01   1.2990381e+01   5.3510929e+01
   7.9500000e+01   1.5588457e+01   6.1812229e+01
   7.8000000e+01   1.8186533e+01   6.7117457e+01
   7.9500000e+01   2.0784610e+01   7.5196903e+01
   7.8000000e+01   2.3382686e+01   7.9758175e+01
   7.9500000e+01   2.5980762e+01   8.7387906e+01
   7.8000000e+01   2.8578838e+01   9.1019039e+01
   7.9500000e+01   3.1176915e+01   9.7996556e+01
   7.8000000e+01   3.3774991e+01   1.0054658e+02
   7.9500000e+01   3.6373067e+01   1.0668284e+02
   7.8000000e+01   3.8971143e+01   1.0803787e+02
   7.9500000e+01   4.1569219e+01   1.1315755e+02
   7.8000000e+01   4.4167296e+01   1.1325044e+02
   7.9500000e+01   4.6765372e+01   1.1720212e+02
   7.8000000e+01   4.9363448e+01   1.1602403e+02
   7.9500000e+01   5.1961524e+01   1.1869697e+02
   7.8000000e+01   5.4559600e+01   1.1630312e+02
   7.9500000e+01   5.7157677e+01   1.1764281e+02
   7.8000000e+01   5.9755753e+01   1.1414655e+02
   7.9500000e+01   6.2353829e+01   1.1416100e+02
   7.8000000e+01   6.4951905e+01   1.0971704e+02
   7.9500000e+01   6.7549981e+01   1.0847067e+02
   7.8000000e+01   7.0148058e+01   1.0325488e+02
   7.9500000e+01   7.2746134e+01   1.0085449e+02
   7.8000000e+01   7.5344210e+01   9.5047430e+01
   7.9500000e+01   7.7942286e+01   9.1626948e+01
   7.8000000e+01   8.0540363e+01   8.5403402e+01
   7.9500000e+01   8.3138439e+01   8.1110115e+01
   7.8000000e+01   8.5736515e+01   7.4629116e+01
   7.9500000e+01   8.8334591e+01   6.9601682e+01
   7.8000000e+01   9.0932667e+01   6.2961936e+01
   7.9500000e+01   9.3530744e+01   5.7178431e+01
   7.8000000e+01   9.6128820e+01   4.9659189e+01
   7.9500000e+01   9.8726896e+01   2.4857911e+01
   8.2500000e+01   0.0000000e+00   1.2315726e+01
   8.1000000e+01   2.5980762e+00   2.7458543e+01
   8.2500000e+01   5.1961524e+00   3.5891891e+01
   8.1000000e+01   7.7942286e+00   4.1764142e+01
   8.2500000e+01   1.0392305e+01   5.0424607e+01
   8.1000000e+01   1.2990381e+01   5.6206868e+01
   8.2500000e+01   1.5588457e+01   6.4842410e+01
   8.1000000e+01   1.8186533e+01   7.0195799e+01
   8.2500000e+01   2.0784610e+01   7.8547943e+01
   8.1000000e+01   2.3382686e+01   8.3210626e+01
   8.2500000e+01   2.5980762e+01   9.1063027e+01
   8.1000000e+01   2.8578838e+01   9.4823267e+01
   8.2500000e+01   3.1176915e+01   1.0197710e+02
   8.1000000e+01   3.3774991e+01   1.0465888e+02
   8.2500000e+01   3.6373067e+01   1.1092199e+02
   8.1000000e+01   3.8971143e+01   1.1238641e+02
   8.2500000e+01   4.1569219e+01   1.1757445e+02
   8.1000000e+01   4.4167296e+01   1.1773208e+02
   8.2500000e+01   4.6765372e+01   1.2168180e+02
   8.1000000e+01   4.9363448e+01   1.2050916e+02
   8.2500000e+01   5.1961524e+01   1.2310087e+02
   8.1000000e+01   5.4559600e+01   1.2065009e+02
   8.2500000e+01   5.7157677e+01   1.2182936e+02
   8.1000000e+01   5.9755753e+01   1.1822151e+02
   8.2500000e+01   6.2353829e+01   1.1800734e+02
   8.1000000e+01   6.4951905e+01   1.1341025e+02
   8.2500000e+01   6.7549981e+01   1.1188566e+02
   8.1000000e+01   7.0148058e+01   1.0648781e+02
   8.2500000e+01   7.2746134e+01   1.0378047e+02
   8.1000000e+01   7.5344210e+01   9.7771584e+01
   8.2500000e+01   7.7942286e+01   9.4034555e+01
   8.1000000e+01   8.0540363e+01   8.7595055e+01
   8.2500000e+01   8.3138439e+01   8.2991734e+01
   8.1000000e+01   8.5736515e+01   7.6284218e+01
   8.2500000e+01   8.8334591e+01   7.0966912e+01
   8.1000000e+01   9.0932667e+01   6.4092943e+01
   8.2500000e+01   9.3530744e+01   5.8051229e+01
   8.1000000e+01   9.6128820e+01   5.0285457e+01
   8.2500000e+01   9.8726896e+01   2.5167313e+01
   8.5500000e+01   0.0000000e+00   1.4010534e+01
   8.4000000e+01   2.5980762e+00   3.0160321e+01
   8.5500000e+01   5.1961524e+00   3.8941599e+01
   8.4000000e+01   7.7942286e+00   4.4617514e+01
   8.5500000e+01   1.0392305e+01   5.3540739e+01
   8.4000000e+01   1.2990381e+01   5.9246714e+01
   8.5500000e+01   1.5588457e+01   6.8103273e+01
   8.4000000e+01   1.8186533e+01   7.3479301e+01
   8.5500000e+01   2.0784610e+01   8.2015426e+01
   8.4000000e+01   2.3382686e+01   8.6769799e+01
   8.5500000e+01   2.5980762e+01   9.4772489e+01
   8.4000000e+01   2.8578838e+01   9.8666076e+01
   8.5500000e+01   3.1176915e+01   1.0593644e+02
   8.4000000e+01   3.3774991e+01   1.0876551e+02
   8.5500000e+01   3.6373067e+01   1.1510583e+02
   8.4000000e+01   3.8971143e+01   1.1670252e+02
   8.5500000e+01   4.1569219e+01   1.2191654e+02
   8.4000000e+01   4.4167296e+01   1.2216414e+02
   8.5500000e+01   4.6765372e+01   1.2607278e+02
   8.4000000e+01   4.9363448e+01   1.2492903e+02
   8.5500000e+01   5.1961524e+01   1.2740009e+02
   8.4000000e+01   5.4559600e+01   1.2491308e+02
   8.5500000e+01   5.7157677e+01   1.2589148e+02
   8.4000000e+01   5.9755753e+01   1.2219220e+02
   8.5500000e+01   6.2353829e+01   1.2171064e+02
   8.4000000e+01   6.4951905e+01   1.1698291e+02
   8.5500000e+01   6.7549981e+01   1.1514707e+02
   8.4000000e+01   7.0148058e+01   1.0959346e+02
   8.5500000e+01   7.2746134e+01   1.0655484e+02
   8.4000000e+01   7.5344210e+01   1.0037395e+02
   8.5500000e+01   7.7942286e+01   9.6305980e+01
   8.4000000e+01   8.0540363e+01   8.9682701e+01
   8.5500000e+01   8.3138439e+01   8.4764601e+01
   8.4000000e+01   8.5736515e+01   7.7863991e+01
   8.5500000e+01   8.8334591e+01   7.2260610e+01
   8.4000000e+01   9.0932667e+01   6.5186776e+01
   8.5500000e+01   9.3530744e+01   5.8897529e+01
   8.4000000e+01   9.6128820e+01   5.0919550e+01
   8.5500000e+01   9.8726896e+01   2.5483069e+01
   8.8500000e+01   0.0000000e+00   1.5900481e+01
   8.7000000e+01   2.5980762e+00   3.3346508e+01
   8.8500000e+01   5.1961524e+00   4.2329982e+01
   8.7000000e+01   7.7942286e+00   4.7867325e+01
   8.8500000e+01   1.0392305e+01   5.6904226e+01
   8.7000000e+01   1.2990381e+01   6.2536035e+01
   8.8500000e+01   1.5588457e+01   7.1494963e+01
   8.7000000e+01   1.8186533e+01   7.6889049e+01
   8.8500000e+01   2.0784610e+01   8.5512815e+01
   8.7000000e+01   2.3382686e+01   9.0360958e+01
   8.8500000e+01   2.5980762e+01   9.8433781e+01
   8.7000000e+01   2.8578838e+01   1.0247339e+02
   8.8500000e+01   3.1176915e+01   1.0979319e+02
   8.7000000e+01   3.3774991e+01   1.1279298e+02
   8.8500000e+01   3.6373067e+01   1.1915455e+02
   8.7000000e+01   3.8971143e+01   1.2091486e+02
   8.8500000e+01   4.1569219e+01   1.2610728e+02
   8.7000000e+01   4.4167296e+01   1.2647876e+02
   8.8500000e+01   4.6765372e+01   1.3030247e+02
   8.7000000e+01   4.9363448e+01   1.2921882e+02
   8.8500000e+01   5.1961524e+01   1.3152452e+02
   8.7000000e+01   5.4559600e+01   1.2902855e+02
   8.8500000e+01   5.7157677e+01   1.2975982e+02
   8.7000000e+01   5.9755753e+01   1.2599562e+02
   8.8500000e+01   6.2353829e+01   1.2520295e+02
   8.7000000e+01   6.4951905e+01   1.2037411e+02
   8.8500000e+01   6.7549981e+01   1.1819103e+02
   8.7000000e+01   7.0148058e+01   1.1251558e+02
   8.8500000e+01   7.2746134e+01   1.0912065e+02
   8.7000000e+01   7.5344210e+01   1.0280527e+02
   8.8500000e+01   7.7942286e+01   9.8392901e+01
   8.7000000e+01   8.0540363e+01   9.1625260e+01
   8.8500000e+01   8.3138439e+01   8.6389294e+01
   8.7000000e+01   8.5736515e+01   7.9335364e+01
   8.8500000e+01   8.8334591e+01   7.3450827e+01
   8.7000000e+01   9.0932667e+01   6.6216598e+01
   8.8500000e+01   9.3530744e+01   5.9689333e+01
   8.7000000e+01   9.6128820e+01   5.1537852e+01
   8.8500000e+01   9.8726896e+01   2.5788152e+01
   9.1500000e+01   0.0000000e+00   1.7860794e+01
   9.0000000e+01   2.5980762e+00   3.6736179e+01
   9.1500000e+01   5.1961524e+00   4.5840754e+01
   9.0000000e+01   7.7942286e+00   5.1323758e+01
   9.1500000e+01   1.0392305e+01   6.0357696e+01
   9.0000000e+01   1.2990381e+01   6.5947208e+01
   9.1500000e+01   1.5588457e+01   7.4898160e+01
   9.0000000e+01   1.8186533e+01   8.0323549e+01
   9.1500000e+01   2.0784610e+01   8.8937817e+01
   9.0000000e+01   2.3382686e+01   9.3892276e+01
   9.1500000e+01   2.5980762e+01   1.0195056e+02
   9.0000000e+01   2.8578838e+01   1.0615620e+02
   9.1500000e+01   3.1176915e+01   1.1345229e+02
   9.0000000e+01   3.3774991e+01   1.1665340e+02
   9.1500000e+01   3.6373067e+01   1.2297405e+02
   9.0000000e+01   3.8971143e+01   1.2493788e+02
   9.1500000e+01   4.1569219e+01   1.3005566e+02
   9.0000000e+01   4.4167296e+01   1.3059449e+02
   9.1500000e+01   4.6765372e+01   1.3428443e+02
   9.0000000e+01   4.9363448e+01   1.3330089e+02
   9.1500000e+01   5.1961524e+01   1.3539064e+02
   9.0000000e+01   5.4559600e+01   1.3292040e+02
   9.1500000e+01   5.7157677e+01   1.3335184e+02
   9.0000000e+01   5.9755753e+01   1.2955663e+02
   9.1500000e+01   6.2353829e+01   1.2840416e+02
   9.0000000e+01   6.4951905e+01   1.2351200e+02
   9.1500000e+01   6.7549981e+01   1.2094363e+02
   9.0000000e+01   7.0148058e+01   1.1518900e+02
   9.1500000e+01   7.2746134e+01   1.1141339e+02
   9.0000000e+01   7.5344210e+01   1.0500945e+02
   9.1500000e+01   7.7942286e+01   1.0024163e+02
   9.0000000e+01   8.0540363e+01   9.3376502e+01
   9.1500000e+01   8.3138439e+01   8.7822632e+01
   9.0000000e+01   8.5736515e+01   8.0661093e+01
   9.1500000e+01   8.8334591e+01   7.4502835e+01
   9.0000000e+01   9.0932667e+01   6.7151274e+01
   9.1500000e+01   9.3530744e+01   6.0396123e+01
   9.0000000e+01   9.6128820e+01   5.2110907e+01
   9.1500000e+01   9.8726896e+01   2.6064010e+01
   9.4500000e+01   0.0000000e+00   1.9804711e+01
   9.3000000e+01   2.5980762e+00   4.0141590e+01
   9.4500000e+01   5.1961524e+00   4.9308462e+01
   9.3000000e+01   7.7942286e+00   5.4811865e+01
   9.4500000e+01   1.0392305e+01   6.3752986e+01
   9.3000000e+01   1.2990381e+01   6.9343124e+01
   9.4500000e+01   1.5588457e+01   7.8188827e+01
   9.3000000e+01   1.8186533e+01   8.3669224e+01
   9.4500000e+01   2.0784610e+01   9.2180258e+01
   9.3000000e+01   2.3382686e+01   9.7260285e+01
   9.4500000e+01   2.5980762e+01   1.0521724e+02
   9.3000000e+01   2.8578838e+01   1.0961354e+02
   9.4500000e+01   3.1176915e+01   1.1680750e+02
   9.3000000e+01   3.3774991e+01   1.2024555e+02
   9.4500000e+01   3.6373067e+01   1.2645652e+02
   9.3000000e+01   3.8971143e+01   1.2867133e+02
   9.4500000e+01   4.1569219e+01   1.3365524e+02
   9.3000000e+01   4.4167296e+01   1.3441498e+02
   9.4500000e+01   4.6765372e+01   1.3791661e+02
   9.3000000e+01   4.9363448e+01   1.3708314e+02
   9.4500000e+01   5.1961524e+01   1.3889960e+02
   9.3000000e+01   5.4559600e+01   1.3649832e+02
   9.4500000e+01   5.7157677e+01   1.3657002e+02
   9.3000000e+01   5.9755753e+01   1.3278657e+02
   9.4500000e+01   6.2353829e+01   1.3122114e+02
   9.3000000e+01   6.4951905e+01   1.2631337e+02
   9.4500000e+01   6.7549981e+01   1.2332123e+02
   9.3000000e+01   7.0148058e+01   1.1754008e+02
   9.4500000e+01   7.2746134e+01   1.1336206e+02
   9.3000000e+01   7.5344210e+01   1.0692457e+02
   9.4500000e+01   7.7942286e+01   1.0179458e+02
   9.3000000e+01   8.0540363e+01   9.4886481e+01
   9.4500000e+01   8.3138439e+01   8.9019556e+01
   9.3000000e+01   8.5736515e+01   8.1801844e+01
   9.4500000e+01   8.8334591e+01   7.5381900e+01
   9.3000000e+01   9.0932667e+01   6.7958947e+01
   9.4500000e+01   9.3530744e+01   6.0989763e+01
   9.3000000e+01   9.6128820e+01   5.2610167e+01
   9.4500000e+01   9.8726896e+01   2.6295051e+01
   9.7500000e+01   0.0000000e+00   2.1666250e+01
   9.6000000e+01   2.5980762e+00   4.3428929e+01
   9.7500000e+01   5.1961524e+00   5.2606359e+01
   9.6000000e+01   7.7942286e+00   5.8186761e+01
   9.7500000e+01   1.0392305e+01   6.6961716e+01
   9.6000000e+01   1.2990381e+01   7.2593485e+01
   9.7500000e+01   1.5588457e+01   8.1248794e+01
   9.6000000e+01   1.8186533e+01   8.6810443e+01
   9.7500000e+01   2.0784610e+01   9.5129592e+01
   9.6000000e+01   2.3382686e+01   1.0035613e+02
   9.7500000e+01   2.5980762e+01   1.0812432e+02
   9.6000000e+01   2.8578838e+01   1.1273643e+02
   9.7500000e+01   3.1176915e+01   1.1974490e+02
   9.6000000e+01   3.3774991e+01   1.2345688e+02
   9.7500000e+01   3.6373067e+01   1.2948178e+02
   9.6000000e+01   3.8971143e+01   1.3200018e+02
   9.7500000e+01   4.1569219e+01   1.3678293e+02
   9.6000000e+01   4.4167296e+01   1.3782723e+02
   9.7500000e+01   4.6765372e+01   1.4107880e+02
   9.6000000e+01   4.9363448e+01   1.4045686e+02
   9.7500000e+01   5.1961524e+01   1.4193441e+02
   9.6000000e+01   5.4559600e+01   1.3965552e+02
   9.7500000e+01   5.7157677e+01   1.3929969e+02
   9.6000000e+01   5.9755753e+01   1.3558183e+02
   9.7500000e+01   6.2353829e+01   1.3354734e+02
   9.6000000e+01   6.4951905e+01   1.2868364e+02
   9.7500000e+01   6.7549981e+01   1.2523166e+02
   9.6000000e+01   7.0148058e+01   1.1948780e+02
   9.7500000e+01   7.2746134e+01   1.1489114e+02
   9.6000000e+01   7.5344210e+01   1.0848455e+02
   9.7500000e+01   7.7942286e+01   1.0299232e+02
   9.6000000e+01   8.0540363e+01   9.6103394e+01
   9.7500000e+01   8.3138439e+01   8.9935168e+01
   9.6000000e+01   8.5736515e+01   8.2718438e+01
   9.7500000e+01   8.8334591e+01   7.6055768e+01
   9.6000000e+01   9.0932667e+01   6.8610472e+01
   9.7500000e+01   9.3530744e+01   6.1448267e+01
   9.6000000e+01   9.6128820e+01   5.3013490e+01
   9.7500000e+01   9.8726896e+01   2.6471491e+01
   1.0050000e+02   0.0000000e+00   2.3393441e+01
   9.9000000e+01   2.5980762e+00   4.6498220e+01
   1.0050000e+02   5.1961524e+00   5.5635828e+01
   9.9000000e+01   7.7942286e+00   6.1331620e+01
   1.0050000e+02   1.0392305e+01   6.9876773e+01
   9.9000000e+01   1.2990381e+01   7.5582570e+01
   1.0050000e+02   1.5588457e+01   8.3971896e+01
   9.9000000e+01   1.8186533e+01   8.9637235e+01
   1.0050000e+02   2.0784610e+01   9.7681210e+01
   9.9000000e+01   2.3382686e+01   1.0307176e+02
   1.0050000e+02   2.5980762e+01   1.1056409e+02
   9.9000000e+01   2.8578838e+01   1.1541279e+02
   1.0050000e+02   3.1176915e+01   1.2214775e+02
   9.9000000e+01   3.3774991e+01   1.2616667e+02
   1.0050000e+02   3.6373067e+01   1.3192007e+02
   9.9000000e+01   3.8971143e+01   1.3479499e+02
   1.0050000e+02   4.1569219e+01   1.3929826e+02
   9.9000000e+01   4.4167296e+01   1.4069926e+02
   1.0050000e+02   4.6765372e+01   1.4362895e+02
   9.9000000e+01   4.9363448e+01   1.4329324e+02
   1.0050000e+02   5.1961524e+01   1.4435574e+02
   9.9000000e+01   5.4559600e+01   1.4226554e+02
   1.0050000e+02   5.7157677e+01   1.4140671e+02
   9.9000000e+01   5.9755753e+01   1.3782270e+02
   1.0050000e+02   6.2353829e+01   1.3526378e+02
   9.9000000e+01   6.4951905e+01   1.3051812e+02
   1.0050000e+02   6.7549981e+01   1.2657704e+02
   9.9000000e+01   7.0148058e+01   1.2094610e+02
   1.0050000e+02   7.2746134e+01   1.1592354e+02
   9.9000000e+01   7.5344210e+01   1.0962151e+02
   1.0050000e+02   7.7942286e+01   1.0377606e+02
   9.9000000e+01   8.0540363e+01   9.6975703e+01
   1.0050000e+02   8.3138439e+01   9.0526694e+01
   9.9000000e+01   8.5736515e+01   8.3373865e+01
   1.0050000e+02   8.8334591e+01   7.6496347e+01
   9.9000000e+01   9.0932667e+01   6.9081857e+01
   1.0050000e+02   9.3530744e+01   6.1757717e+01
   9.9000000e+01   9.6128820e+01   5.3308359e+01
   1.0050000e+02   9.8726896e+01   2.6590700e+01
   1.0350000e+02   0.0000000e+00   2.4945021e+01
   1.0200000e+02   2.5980762e+00   4.9273469e+01
   1.0350000e+02   5.1961524e+00   5.8319919e+01
   1.0200000e+02   7.7942286e+00   6.4153083e+01
   1.0350000e+02   1.0392305e+01   7.2411052e+01
   1.0200000e+02   1.2990381e+01   7.8211936e+01
   1.0350000e+02   1.5588457e+01   8.6267169e+01
   1.0200000e+02   1.8186533e+01   9.2050607e+01
   1.0350000e+02   2.0784610e+01   9.9741491e+01
   1.0200000e+02   2.3382686e+01   1.0530576e+02
   1.0350000e+02   2.5980762e+01   1.1243659e+02
   1.0200000e+02   2.8578838e+01   1.1753324e+02
   1.0350000e+02   3.1176915e+01   1.2390305e+02
   1.0200000e+02   3.3774991e+01   1.2825120e+02
   1.0350000e+02   3.6373067e+01   1.3363793e+02
   1.0200000e+02   3.8971143e+01   1.3691429e+02
   1.0350000e+02   4.1569219e+01   1.4104483e+02
   1.0200000e+02   4.4167296e+01   1.4287762e+02
   1.0350000e+02   4.6765372e+01   1.4539858e+02
   1.0200000e+02   4.9363448e+01   1.4543840e+02
   1.0350000e+02   5.1961524e+01   1.4599639e+02
   1.0200000e+02   5.4559600e+01   1.4417848e+02
   1.0350000e+02   5.7157677e+01   1.4273673e+02
   1.0200000e+02   5.9755753e+01   1.3937377e+02
   1.0350000e+02   6.2353829e+01   1.3624326e+02
   1.0200000e+02   6.4951905e+01   1.3170537e+02
   1.0350000e+02   6.7549981e+01   1.2725900e+02
   1.0200000e+02   7.0148058e+01   1.2182780e+02
   1.0350000e+02   7.2746134e+01   1.1638489e+02
   1.0200000e+02   7.5344210e+01   1.1026903e+02
   1.0350000e+02   7.7942286e+01   1.0409063e+02
   1.0200000e+02   8.0540363e+01   9.7454434e+01
   1.0350000e+02   8.3138439e+01   9.0755200e+01
   1.0200000e+02   8.5736515e+01   8.3734759e+01
   1.0350000e+02   8.8334591e+01   7.6680292e+01
   1.0200000e+02   9.0932667e+01   6.9355203e+01
   1.0350000e+02   9.3530744e+01   6.1911954e+01
   1.0200000e+02   9.6128820e+01   5.3492773e+01
   1.0350000e+02   9.8726896e+01   2.6657071e+01
   1.0650000e+02   0.0000000e+00   2.6288604e+01
   1.0500000e+02   2.5980762e+00   5.1697121e+01
   1.0650000e+02   5.1961524e+00   6.0599435e+01
   1.0500000e+02   7.7942286e+00   6.6577607e+01
   1.0650000e+02   1.0392305e+01   7.4495832e+01
   1.0500000e+02   1.2990381e+01   8.0400950e+01
   1.0650000e+02   1.5588457e+01   8.8060439e+01
   1.0500000e+02   1.8186533e+01   9.3966069e+01
   1.0650000e+02   2.0784610e+01   1.0123177e+02
   1.0500000e+02   2.3382686e+01   1.0696861e+02
   1.0650000e+02   2.5980762e+01   1.1365565e+02
   1.0500000e+02   2.8578838e+01   1.1899793e+02
   1.0650000e+02   3.1176915e+01   1.2491007e+02
   1.0500000e+02   3.3774991e+01   1.2959185e+02
   1.0650000e+02   3.6373067e+01   1.3450908e+02
   1.0500000e+02   3.8971143e+01   1.3821155e+02
   1.0650000e+02   4.1569219e+01   1.4185910e+02
   1.0500000e+02   4.4167296e+01   1.4418736e+02
   1.0650000e+02   4.6765372e+01   1.4619111e+02
   1.0500000e+02   4.9363448e+01   1.4670707e+02
   1.0650000e+02   5.1961524e+01   1.4665723e+02
   1.0500000e+02   5.4559600e+01   1.4521839e+02
   1.0650000e+02   5.7157677e+01   1.4312154e+02
   1.0500000e+02   5.9755753e+01   1.4008912e+02
   1.0650000e+02   6.2353829e+01   1.3636066e+02
   1.0500000e+02   6.4951905e+01   1.3213451e+02
   1.0650000e+02   6.7549981e+01   1.2718695e+02
   1.0500000e+02   7.0148058e+01   1.2205044e+02
   1.0650000e+02   7.2746134e+01   1.1620897e+02
   1.0500000e+02   7.5344210e+01   1.1036605e+02
   1.0650000e+02   7.7942286e+01   1.0388761e+02
   1.0500000e+02   8.0540363e+01   9.7495469e+01
   1.0650000e+02   8.3138439e+01   9.0586935e+01
   1.0500000e+02   8.5736515e+01   8.3772173e+01
   1.0650000e+02   8.8334591e+01   7.6588430e+01
   1.0500000e+02   9.0932667e+01   6.9417882e+01
   1.0650000e+02   9.3530744e+01   6.1909732e+01
   1.0500000e+02   9.6128820e+01   5.3573342e+01
   1.0650000e+02   9.8726896e+01   2.6679727e+01
   1.0950000e+02   0.0000000e+00   2.7399551e+01
   1.0800000e+02   2.5980762e+00   5.3726565e+01
   1.0950000e+02   5.1961524e+00   6.2430380e+01
   1.0800000e+02   7.7942286e+00   6.8548895e+01
   1.0950000e+02   1.0392305e+01   7.6079367e+01
   1.0800000e+02   1.2990381e+01   8.2086556e+01
   1.0950000e+02   1.5588457e+01   8.9295018e+01
   1.0800000e+02   1.8186533e+01   9.5315960e+01
   1.0950000e+02   2.0784610e+01   1.0209125e+02
   1.0800000e+02   2.3382686e+01   1.0798729e+02
   1.0950000e+02   2.5980762e+01   1.1415438e+02
   1.0800000e+02   2.8578838e+01   1.1972389e+02
   1.0950000e+02   3.1176915e+01   1.2508990e+02
   1.0800000e+02   3.3774991e+01   1.3008660e+02
   1.0950000e+02   3.6373067e+01   1.3443101e+02
   1.0800000e+02   3.8971143e+01   1.3855097e+02
   1.0950000e+02   4.1569219e+01   1.4159533e+02
   1.0800000e+02   4.4167296e+01   1.4444418e+02
   1.0950000e+02   4.6765372e+01   1.4580250e+02
   1.0800000e+02   4.9363448e+01   1.4688285e+02
   1.0950000e+02   5.1961524e+01   1.4612464e+02
   1.0800000e+02   5.4559600e+01   1.4519198e+02
   1.0950000e+02   5.7157677e+01   1.4240435e+02
   1.0800000e+02   5.9755753e+01   1.3982782e+02
   1.0950000e+02   6.2353829e+01   1.3551144e+02
   1.0800000e+02   6.4951905e+01   1.3170714e+02
   1.0950000e+02   6.7549981e+01   1.2628856e+02
   1.0800000e+02   7.0148058e+01   1.2154373e+02
   1.0950000e+02   7.2746134e+01   1.1534345e+02
   1.0800000e+02   7.5344210e+01   1.0986124e+02
   1.0950000e+02   7.7942286e+01   1.0312838e+02
   1.0800000e+02   8.0540363e+01   9.7061672e+01
   1.0950000e+02   8.3138439e+01   8.9994282e+01
   1.0800000e+02   8.5736515e+01   8.3461702e+01
   1.0950000e+02   8.8334591e+01   7.6204350e+01
   1.0800000e+02   9.0932667e+01   6.9260067e+01
   1.0950000e+02   9.3530744e+01   6.1749554e+01
   1.0800000e+02   9.6128820e+01   5.3559749e+01
   1.0950000e+02   9.8726896e+01   2.6667230e+01
   1.1250000e+02   0.0000000e+00   2.8260166e+01
   1.1100000e+02   2.5980762e+00   5.5331707e+01
   1.1250000e+02   5.1961524e+00   6.3782105e+01
   1.1100000e+02   7.7942286e+00   7.0026053e+01
   1.1250000e+02   1.0392305e+01   7.7125622e+01
   1.1100000e+02   1.2990381e+01   8.3222731e+01
   1.1250000e+02   1.5588457e+01   8.9931747e+01
   1.1100000e+02   1.8186533e+01   9.6050784e+01
   1.1250000e+02   2.0784610e+01   1.0227881e+02
   1.1100000e+02   2.3382686e+01   1.0830878e+02
   1.1250000e+02   2.5980762e+01   1.1388924e+02
   1.1100000e+02   2.8578838e+01   1.1965185e+02
   1.1250000e+02   3.1176915e+01   1.2439386e+02
   1.1100000e+02   3.3774991e+01   1.2966306e+02
   1.1250000e+02   3.6373067e+01   1.3334336e+02
   1.1100000e+02   3.8971143e+01   1.3783321e+02
   1.1250000e+02   4.1569219e+01   1.4016750e+02
   1.1100000e+02   4.4167296e+01   1.4349764e+02
   1.1250000e+02   4.6765372e+01   1.4410068e+02
   1.1100000e+02   4.9363448e+01   1.4576470e+02
   1.1250000e+02   5.1961524e+01   1.4425638e+02
   1.1100000e+02   5.4559600e+01   1.4393396e+02
   1.1250000e+02   5.7157677e+01   1.4049060e+02
   1.1100000e+02   5.9755753e+01   1.3848385e+02
   1.1250000e+02   6.2353829e+01   1.3363411e+02
   1.1100000e+02   6.4951905e+01   1.3035273e+02
   1.1250000e+02   6.7549981e+01   1.2451999e+02
   1.1100000e+02   7.0148058e+01   1.2025730e+02
   1.1250000e+02   7.2746134e+01   1.1375485e+02
   1.1100000e+02   7.5344210e+01   1.0871692e+02
   1.1250000e+02   7.7942286e+01   1.0178646e+02
   1.1100000e+02   8.0540363e+01   9.6124613e+01
   1.1250000e+02   8.3138439e+01   8.8956349e+01
   1.1100000e+02   8.5736515e+01   8.2783193e+01
   1.1250000e+02   8.8334591e+01   7.5512850e+01
   1.1100000e+02   9.0932667e+01   6.8871394e+01
   1.1250000e+02   9.3530744e+01   6.1423966e+01
   1.1100000e+02   9.6128820e+01   5.3456020e+01
   1.1250000e+02   9.8726896e+01   2.6620394e+01
   1.1550000e+02   0.0000000e+00   2.8859025e+01
   1.1400000e+02   2.5980762e+00   5.6493107e+01
   1.1550000e+02   5.1961524e+00   6.4635767e+01
   1.1400000e+02   7.7942286e+00   7.0982079e+01
   1.1550000e+02   1.0392305e+01   7.7612998e+01
   1.1400000e+02   1.2990381e+01   8.3779651e+01
   1.1550000e+02   1.5588457e+01   8.9948388e+01
   1.1400000e+02   1.8186533e+01   9.6139569e+01
   1.1550000e+02   2.0784610e+01   1.0177332e+02
   1.1400000e+02   2.3382686e+01   1.0790204e+02
   1.1550000e+02   2.5980762e+01   1.1284183e+02
   1.1400000e+02   2.8578838e+01   1.1875066e+02
   1.1550000e+02   3.1176915e+01   1.2280771e+02
   1.1400000e+02   3.3774991e+01   1.2828858e+02
   1.1550000e+02   3.6373067e+01   1.3123839e+02
   1.1400000e+02   3.8971143e+01   1.3602077e+02
   1.1550000e+02   4.1569219e+01   1.3758000e+02
   1.1400000e+02   4.4167296e+01   1.4129875e+02
   1.1550000e+02   4.6765372e+01   1.4111181e+02
   1.1400000e+02   4.9363448e+01   1.4328905e+02
   1.1550000e+02   5.1961524e+01   1.4108374e+02
   1.1400000e+02   5.4559600e+01   1.4139145e+02
   1.1550000e+02   5.7157677e+01   1.3738912e+02
   1.1400000e+02   5.9755753e+01   1.3601886e+02
   1.1550000e+02   6.2353829e+01   1.3072433e+02
   1.1400000e+02   6.4951905e+01   1.2804137e+02
   1.1550000e+02   6.7549981e+01   1.2187152e+02
   1.1400000e+02   7.0148058e+01   1.1816636e+02
   1.1550000e+02   7.2746134e+01   1.1143118e+02
   1.1400000e+02   7.5344210e+01   1.0691183e+02
   1.1550000e+02   7.7942286e+01   9.9848777e+01
   1.1400000e+02   8.0540363e+01   9.4665710e+01
   1.1550000e+02   8.3138439e+01   8.7459293e+01
   1.1400000e+02   8.5736515e+01   8.1720428e+01
   1.1550000e+02   8.8334591e+01   7.4499103e+01
   1.1400000e+02   9.0932667e+01   6.8238271e+01
   1.1550000e+02   9.3530744e+01   6.0916367e+01
   1.1400000e+02   9.6128820e+01   5.3252558e+01
   1.1550000e+02   9.8726896e+01   2.6527886e+01
   1.1850000e+02   0.0000000e+00   2.9190328e+01
   1.1700000e+02   2.5980762e+00   5.7200416e+01
   1.1850000e+02   5.1961524e+00   6.4982886e+01
   1.1700000e+02   7.7942286e+00   7.1402431e+01
   1.1850000e+02   1.0392305e+01   7.7532898e+01
   1.1700000e+02   1.2990381e+01   8.3742517e+01
   1.1850000e+02   1.5588457e+01   8.9338356e+01
   1.1700000e+02   1.8186533e+01   9.5569216e+01
   1.1850000e+02   2.0784610e+01   1.0057264e+02
   1.1700000e+02   2.3382686e+01   1.0675796e+02
   1.1850000e+02   2.5980762e+01   1.1101773e+02
   1.1700000e+02   2.8578838e+01   1.1701804e+02
   1.1850000e+02   3.1176915e+01   1.2034985e+02
   1.1700000e+02   3.3774991e+01   1.2597231e+02
   1.1850000e+02   3.6373067e+01   1.2815661e+02
   1.1700000e+02   3.8971143e+01   1.3314362e+02
   1.1850000e+02   4.1569219e+01   1.3391364e+02
   1.1700000e+02   4.4167296e+01   1.3791788e+02
   1.1850000e+02   4.6765372e+01   1.3697792e+02
   1.1700000e+02   4.9363448e+01   1.3957108e+02
   1.1850000e+02   5.1961524e+01   1.3676025e+02
   1.1700000e+02   5.4559600e+01   1.3764763e+02
   1.1850000e+02   5.7157677e+01   1.3319380e+02
   1.1700000e+02   5.9755753e+01   1.3247023e+02
   1.1850000e+02   6.2353829e+01   1.2682974e+02
   1.1700000e+02   6.4951905e+01   1.2478695e+02
   1.1850000e+02   6.7549981e+01   1.1836594e+02
   1.1700000e+02   7.0148058e+01   1.1527327e+02
   1.1850000e+02   7.2746134e+01   1.0838148e+02
   1.1700000e+02   7.5344210e+01   1.0444195e+02
   1.1850000e+02   7.7942286e+01   9.7315590e+01
   1.1700000e+02   8.0540363e+01   9.2676626e+01
   1.1850000e+02   8.3138439e+01   8.5496426e+01
   1.1700000e+02   8.5736515e+01   8.0261129e+01
   1.1850000e+02   8.8334591e+01   7.3149049e+01
   1.1700000e+02   9.0932667e+01   6.7343324e+01
   1.1850000e+02   9.3530744e+01   6.0202378e+01
   1.1700000e+02   9.6128820e+01   5.2924603e+01
   1.1850000e+02   9.8726896e+01   2.6368597e+01
   1.2150000e+02   0.0000000e+00   2.9253214e+01
   1.2000000e+02   2.5980762e+00   5.7450968e+01
   1.2150000e+02   5.1961524e+00   6.4823888e+01
   1.2000000e+02   7.7942286e+00   7.1283543e+01
   1.2150000e+02   1.0392305e+01   7.6888086e+01
   1.2000000e+02   1.2990381e+01   8.3109987e+01
   1.2150000e+02   1.5588457e+01   8.8108840e+01
   1.2000000e+02   1.8186533e+01   9.4342875e+01
   1.2150000e+02   2.0784610e+01   9.8691275e+01
   1.2000000e+02   2.3382686e+01   1.0488742e+02
   1.2150000e+02   2.5980762e+01   1.0844308e+02
   1.2000000e+02   2.8578838e+01   1.1447744e+02
   1.2150000e+02   3.1176915e+01   1.1706460e+02
   1.2000000e+02   3.3774991e+01   1.2275820e+02
   1.2150000e+02   3.6373067e+01   1.2417105e+02
   1.2000000e+02   3.8971143e+01   1.2928044e+02
   1.2150000e+02   4.1569219e+01   1.2928443e+02
   1.2000000e+02   4.4167296e+01   1.3348761e+02
   1.2150000e+02   4.6765372e+01   1.3185947e+02
   1.2000000e+02   4.9363448e+01   1.3478594e+02
   1.2150000e+02   5.1961524e+01   1.3145249e+02
   1.2000000e+02   5.4559600e+01   1.3284866e+02
   1.2150000e+02   5.7157677e+01   1.2803145e+02
   1.2000000e+02   5.9755753e+01   1.2792695e+02
   1.2150000e+02   6.2353829e+01   1.2203057e+02
   1.2000000e+02   6.4951905e+01   1.2063900e+02
   1.2150000e+02   6.7549981e+01   1.1405102e+02
   1.2000000e+02   7.0148058e+01   1.1160445e+02
   1.2150000e+02   7.2746134e+01   1.0463264e+02
   1.2000000e+02   7.5344210e+01   1.0131930e+02
   1.2150000e+02   7.7942286e+01   9.4199236e+01
   1.2000000e+02   8.0540363e+01   9.0158939e+01
   1.2150000e+02   8.3138439e+01   8.3068117e+01
   1.2000000e+02   8.5736515e+01   7.8397353e+01
   1.2150000e+02   8.8334591e+01   7.1450773e+01
   1.2000000e+02   9.0932667e+01   6.6167259e+01
   1.2150000e+02   9.3530744e+01   5.9254678e+01
   1.2000000e+02   9.6128820e+01   5.2438196e+01
   1.2150000e+02   9.8726896e+01   2.6118369e+01
   1.2450000e+02   0.0000000e+00   2.9051014e+01
   1.2300000e+02   2.5980762e+00   5.7248416e+01
   1.2450000e+02   5.1961524e+00   6.4166584e+01
   1.2300000e+02   7.7942286e+00   7.0631215e+01
   1.2450000e+02   1.0392305e+01   7.5690814e+01
   1.2300000e+02   1.2990381e+01   8.1892251e+01
   1.2450000e+02   1.5588457e+01   8.6278464e+01
   1.2300000e+02   1.8186533e+01   9.2477548e+01
   1.2450000e+02   2.0784610e+01   9.6157234e+01
   1.2300000e+02   2.3382686e+01   1.0231790e+02
   1.2450000e+02   2.5980762e+01   1.0515959e+02
   1.2300000e+02   2.8578838e+01   1.1117216e+02
   1.2450000e+02   3.1176915e+01   1.1301339e+02
   1.2300000e+02   3.3774991e+01   1.1871326e+02
   1.2450000e+02   3.6373067e+01   1.1937018e+02
   1.2300000e+02   3.8971143e+01   1.2453206e+02
   1.2450000e+02   4.1569219e+01   1.2381214e+02
   1.2300000e+02   4.4167296e+01   1.2814689e+02
   1.2450000e+02   4.6765372e+01   1.2589700e+02
   1.2300000e+02   4.9363448e+01   1.2909111e+02
   1.2450000e+02   5.1961524e+01   1.2530232e+02
   1.2300000e+02   5.4559600e+01   1.2713988e+02
   1.2450000e+02   5.7157677e+01   1.2202676e+02
   1.2300000e+02   5.9755753e+01   1.2249730e+02
   1.2450000e+02   6.2353829e+01   1.1641967e+02
   1.2300000e+02   6.4951905e+01   1.1566879e+02
   1.2450000e+02   6.7549981e+01   1.0898983e+02
   1.2300000e+02   7.0148058e+01   1.0720428e+02
   1.2450000e+02   7.2746134e+01   1.0022479e+02
   1.2300000e+02   7.5344210e+01   9.7569236e+01
   1.2450000e+02   7.7942286e+01   9.0522070e+01
   1.2300000e+02   8.0540363e+01   8.7123209e+01
   1.2450000e+02   8.3138439e+01   8.0181455e+01
   1.2300000e+02   8.5736515e+01   7.6126080e+01
   1.2450000e+02   8.8334591e+01   6.9396155e+01
   1.2300000e+02   9.0932667e+01   6.4691988e+01
   1.2450000e+02   9.3530744e+01   5.8048241e+01
   1.2300000e+02   9.6128820e+01   5.1758724e+01
   1.2450000e+02   9.8726896e+01   2.5755821e+01
   1.2750000e+02   0.0000000e+00   2.8590423e+01
   1.2600000e+02   2.5980762e+00   5.6601368e+01
   1.2750000e+02   5.1961524e+00   6.3024560e+01
   1.2600000e+02   7.7942286e+00   6.9458857e+01
   1.2750000e+02   1.0392305e+01   7.3960762e+01
   1.2600000e+02   1.2990381e+01   8.0108813e+01
   1.2750000e+02   1.5588457e+01   8.3874637e+01
   1.2600000e+02   1.8186533e+01   9.0001185e+01
   1.2750000e+02   2.0784610e+01   9.3008452e+01
   1.2600000e+02   2.3382686e+01   9.9089309e+01
   1.2750000e+02   2.5980762e+01   1.0121948e+02
   1.2600000e+02   2.8578838e+01   1.0715875e+02
   1.2750000e+02   3.1176915e+01   1.0826682e+02
   1.2600000e+02   3.3774991e+01   1.1391608e+02
   1.2750000e+02   3.6373067e+01   1.1384595e+02
   1.2600000e+02   3.8971143e+01   1.1900274e+02
   1.2750000e+02   4.1569219e+01   1.1760732e+02
   1.2600000e+02   4.4167296e+01   1.2202016e+02
   1.2750000e+02   4.6765372e+01   1.1920829e+02
   1.2600000e+02   4.9363448e+01   1.2261621e+02
   1.2750000e+02   5.1961524e+01   1.1842687e+02
   1.2600000e+02   5.4559600e+01   1.2064685e+02
   1.2750000e+02   5.7157677e+01   1.1529063e+02
   1.2600000e+02   5.9755753e+01   1.1628847e+02
   1.2750000e+02   6.2353829e+01   1.1008996e+02
   1.2600000e+02   6.4951905e+01   1.0995667e+02
   1.2750000e+02   6.7549981e+01   1.0325239e+02
   1.2600000e+02   7.0148058e+01   1.0212834e+02
   1.2750000e+02   7.2746134e+01   9.5206643e+01
   1.2600000e+02   7.5344210e+01   9.3227088e+01
   1.2750000e+02   7.7942286e+01   8.6314166e+01
   1.2600000e+02   8.0540363e+01   8.3587650e+01
   1.2750000e+02   8.3138439e+01   7.6849637e+01
   1.2600000e+02   8.5736515e+01   7.3449632e+01
   1.2750000e+02   8.8334591e+01   6.6982040e+01
   1.2600000e+02   9.0932667e+01   6.2903453e+01
   1.2750000e+02   9.3530744e+01   5.6563753e+01
   1.2600000e+02   9.6128820e+01   5.0857008e+01
   1.2750000e+02   9.8726896e+01   2.5265058e+01
   1.3050000e+02   0.0000000e+00   2.7880584e+01
   1.2900000e+02   2.5980762e+00   5.5521994e+01
   1.3050000e+02   5.1961524e+00   6.1415446e+01
   1.2900000e+02   7.7942286e+00   6.7785594e+01
   1.3050000e+02   1.0392305e+01   7.1722791e+01
   1.2900000e+02   1.2990381e+01   7.7786060e+01
   1.3050000e+02   1.5588457e+01   8.0930703e+01
   1.2900000e+02   1.8186533e+01   8.6949553e+01
   1.3050000e+02   2.0784610e+01   8.9289191e+01
   1.2900000e+02   2.3382686e+01   9.5249820e+01
   1.3050000e+02   2.5980762e+01   9.6680687e+01
   1.2900000e+02   2.8578838e+01   1.0250109e+02
   1.3050000e+02   3.1176915e+01   1.0289868e+02
   1.2900000e+02   3.3774991e+01   1.0844870e+02
   1.3050000e+02   3.6373067e+01   1.0768750e+02
   1.2900000e+02   3.8971143e+01   1.1279141e+02
   1.3050000e+02   4.1569219e+01   1.1076891e+02
   1.2900000e+02   4.4167296e+01   1.1521514e+02
   1.3050000e+02   4.6765372e+01   1.1189332e+02
   1.2900000e+02   4.9363448e+01   1.1546882e+02
   1.3050000e+02   5.1961524e+01   1.1092465e+02
   1.2900000e+02   5.4559600e+01   1.1347575e+02
   1.3050000e+02   5.7157677e+01   1.0791972e+02
   1.2900000e+02   5.9755753e+01   1.0939870e+02
   1.3050000e+02   6.2353829e+01   1.0312894e+02
   1.2900000e+02   6.4951905e+01   1.0358392e+02
   1.3050000e+02   6.7549981e+01   9.6910450e+01
   1.2900000e+02   7.0148058e+01   9.6437977e+01
   1.3050000e+02   7.2746134e+01   8.9631843e+01
   1.2900000e+02   7.5344210e+01   8.8335001e+01
   1.3050000e+02   7.7942286e+01   8.1611169e+01
   1.2900000e+02   8.0540363e+01   7.9576662e+01
   1.3050000e+02   8.3138439e+01   7.3091102e+01
   1.2900000e+02   8.5736515e+01   7.0375670e+01
   1.3050000e+02   8.8334591e+01   6.4210541e+01
   1.2900000e+02   9.0932667e+01   6.0793178e+01
   1.3050000e+02   9.3530744e+01   5.4788707e+01
   1.2900000e+02   9.6128820e+01   4.9711674e+01
   1.3050000e+02   9.8726896e+01   2.4635927e+01
   1.3350000e+02   0.0000000e+00   2.6932014e+01
   1.3200000e+02   2.5980762e+00   5.4024503e+01
   1.3350000e+02   5.1961524e+00   5.9358938e+01
   1.3200000e+02   7.7942286e+00   6.5634157e+01
   1.3350000e+02   1.0392305e+01   6.9004359e+01
   1.3200000e+02   1.2990381e+01   7.4954597e+01
   1.3350000e+02   1.5588457e+01   7.7482815e+01
   1.3200000e+02   1.8186533e+01   8.3362961e+01
   1.3350000e+02   2.0784610e+01   8.5046362e+01
   1.3200000e+02   2.3382686e+01   9.0851840e+01
   1.3350000e+02   2.5980762e+01   9.1602823e+01
   1.3200000e+02   2.8578838e+01   9.7265674e+01
   1.3350000e+02   3.1176915e+01   9.6981804e+01
   1.3200000e+02   3.3774991e+01   1.0239176e+02
   1.3350000e+02   3.6373067e+01   1.0097847e+02
   1.3200000e+02   3.8971143e+01   1.0598910e+02
   1.3350000e+02   4.1569219e+01   1.0338535e+02
   1.3200000e+02   4.4167296e+01   1.0782571e+02
   1.3350000e+02   4.6765372e+01   1.0403912e+02
   1.3200000e+02   4.9363448e+01   1.0774080e+02
   1.3350000e+02   5.1961524e+01   1.0288086e+02
   1.3200000e+02   5.4559600e+01   1.0571772e+02
   1.3350000e+02   5.7157677e+01   9.9999051e+01
   1.3200000e+02   5.9755753e+01   1.0191628e+02
   1.3350000e+02   6.2353829e+01   9.5617668e+01
   1.3200000e+02   6.4951905e+01   9.6629063e+01
   1.3350000e+02   6.7549981e+01   9.0034839e+01
   1.3200000e+02   7.0148058e+01   9.0196749e+01
   1.3350000e+02   7.2746134e+01   8.3556525e+01
   1.3200000e+02   7.5344210e+01   8.2939429e+01
   1.3350000e+02   7.7942286e+01   7.6452492e+01
   1.3200000e+02   8.0540363e+01   7.5119351e+01
   1.3350000e+02   8.3138439e+01   6.8928378e+01
   1.3200000e+02   8.5736515e+01   6.6916632e+01
   1.3350000e+02   8.8334591e+01   6.1088403e+01
   1.3200000e+02   9.0932667e+01   5.8358373e+01
   1.3350000e+02   9.3530744e+01   5.2716676e+01
   1.3200000e+02   9.6128820e+01   4.8308801e+01
   1.3350000e+02   9.8726896e+01   2.3862968e+01
   1.3650000e+02   0.0000000e+00   2.5755213e+01
   1.3500000e+02   2.5980762e+00   5.2123355e+01
   1.3650000e+02   5.1961524e+00   5.6874215e+01
   1.3500000e+02   7.7942286e+00   6.3028322e+01
   1.3650000e+02   1.0392305e+01   6.5832150e+01
   1.3500000e+02   1.2990381e+01   7.1646077e+01
   1.3650000e+02   1.5588457e+01   7.3565962e+01
   1.3500000e+02   1.8186533e+01   7.9282595e+01
   1.3650000e+02   2.0784610e+01   8.0325207e+01
   1.3500000e+02   2.3382686e+01   8.5948030e+01
   1.3650000e+02   2.5980762e+01   8.6042804e+01
   1.3500000e+02   2.8578838e+01   9.1517615e+01
   1.3650000e+02   3.1176915e+01   9.0584469e+01
   1.3500000e+02   3.3774991e+01   9.5821541e+01
   1.3650000e+02   3.6373067e+01   9.3795446e+01
   1.3500000e+02   3.8971143e+01   9.8678710e+01
   1.3650000e+02   4.1569219e+01   9.5535848e+01
   1.3500000e+02   4.4167296e+01   9.9935069e+01
   1.3650000e+02   4.6765372e+01   9.5722906e+01
   1.3500000e+02   4.9363448e+01   9.9512766e+01
   1.3650000e+02   5.1961524e+01   9.4370988e+01
   1.3500000e+02   5.4559600e+01   9.7452898e+01
   1.3650000e+02   5.7157677e+01   9.1604696e+01
   1.3500000e+02   5.9755753e+01   9.3921004e+01
   1.3650000e+02   6.2353829e+01   8.7631392e+01
   1.3500000e+02   6.4951905e+01   8.9166886e+01
   1.3650000e+02   6.7549981e+01   8.2694593e+01
   1.3500000e+02   7.0148058e+01   8.3468558e+01
   1.3650000e+02   7.2746134e+01   7.7037749e+01
   1.3500000e+02   7.5344210e+01   7.7089298e+01
   1.3650000e+02   7.7942286e+01   7.0879599e+01
   1.3500000e+02   8.0540363e+01   7.0248007e+01
   1.3650000e+02   8.3138439e+01   6.4386432e+01
   1.3500000e+02   8.5736515e+01   6.3088534e+01
   1.3650000e+02   8.8334591e+01   5.7625332e+01
   1.3500000e+02   9.0932667e+01   5.5600744e+01
   1.3650000e+02   9.3530744e+01   5.0345164e+01
   1.3500000e+02   9.6128820e+01   4.6639980e+01
   1.3650000e+02   9.8726896e+01   2.2943614e+01
   1.3950000e+02   0.0000000e+00   2.4358426e+01
   1.3800000e+02   2.5980762e+00   4.9830686e+01
   1.3950000e+02   5.1961524e+00   5.3975547e+01
   1.3800000e+02   7.7942286e+00   5.9989126e+01
   1.3950000e+02   1.0392305e+01   6.2226256e+01
   1.3800000e+02   1.2990381e+01   6.7888574e+01
   1.3950000e+02   1.5588457e+01   6.9207271e+01
   1.3800000e+02   1.8186533e+01   7.4745367e+01
   1.3950000e+02   2.0784610e+01   7.5162139e+01
   1.3800000e+02   2.3382686e+01   8.0585999e+01
   1.3950000e+02   2.5980762e+01   8.0047855e+01
   1.3800000e+02   2.8578838e+01   8.5315847e+01
   1.3950000e+02   3.1176915e+01   8.3764453e+01
   1.3800000e+02   3.3774991e+01   8.8806626e+01
   1.3950000e+02   3.6373067e+01   8.6203947e+01
   1.3800000e+02   3.8971143e+01   9.0934086e+01
   1.3950000e+02   4.1569219e+01   8.7288900e+01
   1.3800000e+02   4.4167296e+01   9.1617044e+01
   1.3950000e+02   4.6765372e+01   8.7012053e+01
   1.3800000e+02   4.9363448e+01   9.0856272e+01
   1.3950000e+02   5.1961524e+01   8.5461206e+01
   1.3800000e+02   5.4559600e+01   8.8752604e+01
   1.3950000e+02   5.7157677e+01   8.2804394e+01
   1.3800000e+02   5.9755753e+01   8.5485548e+01
   1.3950000e+02   6.2353829e+01   7.9239511e+01
   1.3800000e+02   6.4951905e+01   8.1268368e+01
   1.3950000e+02   6.7549981e+01   7.4955840e+01
   1.3800000e+02   7.0148058e+01   7.6316490e+01
   1.3950000e+02   7.2746134e+01   7.0131424e+01
   1.3800000e+02   7.5344210e+01   7.0834198e+01
   1.3950000e+02   7.7942286e+01   6.4933274e+01
   1.3800000e+02   8.0540363e+01   6.4996009e+01
   1.3950000e+02   8.3138439e+01   5.9489583e+01
   1.3800000e+02   8.5736515e+01   5.8908738e+01
   1.3950000e+02   8.8334591e+01   5.3830550e+01
   1.3800000e+02   9.0932667e+01   5.2523894e+01
   1.3950000e+02   9.3530744e+01   4.7671677e+01
   1.3800000e+02   9.6128820e+01   4.4699182e+01
   1.3950000e+02   9.8726896e+01   2.1875500e+01
   1.4250000e+02   0.0000000e+00   2.2742525e+01
   1.4100000e+02   2.5980762e+00   4.7151237e+01
   1.4250000e+02   5.1961524e+00   5.0661409e+01
   1.4100000e+02   7.7942286e+00   5.6527091e+01
   1.4250000e+02   1.0392305e+01   5.8185700e+01
   1.4100000e+02   1.2990381e+01   6.3697095e+01
   1.4250000e+02   1.5588457e+01   6.4409191e+01
   1.4100000e+02   1.8186533e+01   6.9773385e+01
   1.4250000e+02   2.0784610e+01   6.9566530e+01
   1.4100000e+02   2.3382686e+01   7.4797391e+01
   1.4250000e+02   2.5980762e+01   7.3636944e+01
   1.4100000e+02   2.8578838e+01   7.8702702e+01
   1.4250000e+02   3.1176915e+01   7.6551424e+01
   1.4100000e+02   3.3774991e+01   8.1399085e+01
   1.4250000e+02   3.6373067e+01   7.8243218e+01
   1.4100000e+02   3.8971143e+01   8.2813676e+01
   1.4250000e+02   4.1569219e+01   7.8689954e+01
   1.4100000e+02   4.4167296e+01   8.2931925e+01
   1.4250000e+02   4.6765372e+01   7.7954285e+01
   1.4100000e+02   4.9363448e+01   8.1830902e+01
   1.4250000e+02   5.1961524e+01   7.6200370e+01
   1.4100000e+02   5.4559600e+01   7.9677287e+01
   1.4250000e+02   5.7157677e+01   7.3650821e+01
   1.4100000e+02   5.9755753e+01   7.6673726e+01
   1.4250000e+02   6.2353829e+01   7.0499515e+01
   1.4100000e+02   6.4951905e+01   7.2998488e+01
   1.4250000e+02   6.7549981e+01   6.6875381e+01
   1.4100000e+02   7.0148058e+01   6.8799669e+01
   1.4250000e+02   7.2746134e+01   6.2885031e+01
   1.4100000e+02   7.5344210e+01   6.4220322e+01
   1.4250000e+02   7.7942286e+01   5.8645571e+01
   1.4100000e+02   8.0540363e+01   5.9393158e+01
   1.4250000e+02   8.3138439e+01   5.4253004e+01
   1.4100000e+02   8.5736515e+01   5.4390872e+01
   1.4250000e+02   8.8334591e+01   4.9703879e+01
   1.4100000e+02   9.0932667e+01   4.9127770e+01
   1.4250000e+02   9.3530744e+01   4.4684689e+01
   1.4100000e+02   9.6128820e+01   4.2477339e+01
   1.4250000e+02   9.8726896e+01   2.0651089e+01
   1.4550000e+02   0.0000000e+00   2.0882948e+01
   1.4400000e+02   2.5980762e+00   4.4067092e+01
   1.4550000e+02   5.1961524e+00   4.6872343e+01
   1.4400000e+02   7.7942286e+00   5.2618418e+01
   1.4550000e+02   1.0392305e+01   5.3633290e+01
   1.4400000e+02   1.2990381e+01   5.9044512e+01
   1.4550000e+02   1.5588457e+01   5.9084991e+01
   1.4400000e+02   1.8186533e+01   6.4341181e+01
   1.4550000e+02   2.0784610e+01   6.3449545e+01
   1.4400000e+02   2.3382686e+01   6.8562963e+01
   1.4550000e+02   2.5980762e+01   6.6726192e+01
   1.4400000e+02   2.8578838e+01   7.1668728e+01
   1.4550000e+02   3.1176915e+01   6.8872649e+01
   1.4400000e+02   3.3774991e+01   7.3601142e+01
   1.4550000e+02   3.6373067e+01   6.9856002e+01
   1.4400000e+02   3.8971143e+01   7.4330859e+01
   1.4550000e+02   4.1569219e+01   6.9698334e+01
   1.4400000e+02   4.4167296e+01   7.3901233e+01
   1.4550000e+02   4.6765372e+01   6.8522826e+01
   1.4400000e+02   4.9363448e+01   7.2462867e+01
   1.4550000e+02   5.1961524e+01   6.6572285e+01
   1.4400000e+02   5.4559600e+01   7.0258026e+01
   1.4550000e+02   5.7157677e+01   6.4139428e+01
   1.4400000e+02   5.9755753e+01   6.7524286e+01
   1.4550000e+02   6.2353829e+01   6.1418570e+01
   1.4400000e+02   6.4951905e+01   6.4401019e+01
   1.4550000e+02   6.7549981e+01   5.8463868e+01
   1.4400000e+02   7.0148058e+01   6.0957844e+01
   1.4550000e+02   7.2746134e+01   5.5301432e+01
   1.4400000e+02   7.5344210e+01   5.7274516e+01
   1.4550000e+02   7.7942286e+01   5.2004133e+01
   1.4400000e+02   8.0540363e+01   5.3449390e+01
   1.4550000e+02   8.3138439e+01   4.8647655e+01
   1.4400000e+02   8.5736515e+01   4.9528396e+01
   1.4550000e+02   8.8334591e+01   4.5200975e+01
   1.4400000e+02   9.0932667e+01   4.5391955e+01
   1.4550000e+02   9.3530744e+01   4.1330249e+01
   1.4400000e+02   9.6128820e+01   3.9948190e+01
   1.4550000e+02   9.8726896e+01   1.9240172e+01
   1.4850000e+02   0.0000000e+00   1.8609933e+01
   1.4700000e+02   2.5980762e+00   4.0459390e+01
   1.4850000e+02   5.1961524e+00   4.2189784e+01
   1.4700000e+02   7.7942286e+00   4.8087057e+01
   1.4850000e+02   1.0392305e+01   4.8033557e+01
   1.4700000e+02   1.2990381e+01   5.3718216e+01
   1.4850000e+02   1.5588457e+01   5.2612337e+01
   1.4700000e+02   1.8186533e+01   5.8212755e+01
   1.4850000e+02   2.0784610e+01   5.6130751e+01
   1.4700000e+02   2.3382686e+01   6.1636712e+01
   1.4850000e+02   2.5980762e+01   5.8608510e+01
   1.4700000e+02   2.8578838e+01   6.3971647e+01
   1.4850000e+02   3.1176915e+01   6.0027311e+01
   1.4700000e+02   3.3774991e+01   6.5187276e+01
   1.4850000e+02   3.6373067e+01   6.0379248e+01
   1.4700000e+02   3.8971143e+01   6.5287076e+01
   1.4850000e+02   4.1569219e+01   5.9713644e+01
   1.4700000e+02   4.4167296e+01   6.4357717e+01
   1.4850000e+02   4.6765372e+01   5.8190936e+01
   1.4700000e+02   4.9363448e+01   6.2613322e+01
   1.4850000e+02   5.1961524e+01   5.6118226e+01
   1.4700000e+02   5.4559600e+01   6.0380140e+01
   1.4850000e+02   5.7157677e+01   5.3868198e+01
   1.4700000e+02   5.9755753e+01   5.7945508e+01
   1.4850000e+02   6.2353829e+01   5.1637823e+01
   1.4700000e+02   6.4951905e+01   5.5399697e+01
   1.4850000e+02   6.7549981e+01   4.9386850e+01
   1.4700000e+02   7.0148058e+01   5.2716781e+01
   1.4850000e+02   7.2746134e+01   4.7055219e+01
   1.4700000e+02   7.5344210e+01   4.9913431e+01
   1.4850000e+02   7.7942286e+01   4.4682674e+01
   1.4700000e+02   8.0540363e+01   4.7067238e+01
   1.4850000e+02   8.3138439e+01   4.2342095e+01
   1.4700000e+02   8.5736515e+01   4.4209640e+01
   1.4850000e+02   8.8334591e+01   3.9983608e+01
   1.4700000e+02   9.0932667e+01   4.1192475e+01
   1.4850000e+02   9.3530744e+01   3.7272915e+01
   1.4700000e+02   9.6128820e+01   3.6999026e+01
   1.4850000e+02   9.8726896e+01   1.7474720e+01
   1.5150000e+02   0.0000000e+00   8.6901623e+00
   1.5000000e+02   2.5980762e+00   3.5040349e+01
   1.5150000e+02   5.1961524e+00   2.0327637e+01
   1.5000000e+02   7.7942286e+00   4.1172199e+01
   1.5150000e+02   1.0392305e+01   2.3494018e+01
   1.5000000e+02   1.2990381e+01   4.5619766e+01
   1.5150000e+02   1.5588457e+01   2.5958313e+01
   1.5000000e+02   1.8186533e+01   4.9037782e+01
   1.5150000e+02   2.0784610e+01   2.7823533e+01
   1.5000000e+02   2.3382686e+01   5.1508533e+01
   1.5150000e+02   2.5980762e+01   2.9090014e+01
   1.5000000e+02   2.8578838e+01   5.3038590e+01
   1.5150000e+02   3.1176915e+01   2.9739821e+01
   1.5000000e+02   3.3774991e+01   5.3619900e+01
   1.5150000e+02   3.6373067e+01   2.9766793e+01
   1.5000000e+02   3.8971143e+01   5.3271462e+01
   1.5150000e+02   4.1569219e+01   2.9205305e+01
   1.5000000e+02   4.4167296e+01   5.2088032e+01
   1.5150000e+02   4.6765372e+01   2.8164538e+01
   1.5000000e+02   4.9363448e+01   5.0296111e+01
   1.5150000e+02   5.1961524e+01   2.6856654e+01
   1.5000000e+02   5.4559600e+01   4.8262278e+01
   1.5150000e+02   5.7157677e+01   2.5548900e+01
   1.5000000e+02   5.9755753e+01   4.6307217e+01
   1.5150000e+02   6.2353829e+01   2.4368667e+01
   1.5000000e+02   6.4951905e+01   4.4466793e+01
   1.5150000e+02   6.7549981e+01   2.3251800e+01
   1.5000000e+02   7.0148058e+01   4.2624992e+01
   1.5150000e+02   7.2746134e+01   2.2131720e+01
   1.5000000e+02   7.5344210e+01   4.0748461e+01
   1.5150000e+02   7.7942286e+01   2.1023791e+01
   1.5000000e+02   8.0540363e+01   3.8905910e+01
   1.5150000e+02   8.3138439e+01   1.9974077e+01
   1.5000000e+02   8.5736515e+01   3.7126252e+01
   1.5150000e+02   8.8334591e+01   1.8941106e+01
   1.5000000e+02   9.0932667e+01   3.5250137e+01
   1.5150000e+02   9.3530744e+01   1.7707355e+01
   1.5000000e+02   9.6128820e+01   3.2474837e+01
   1.5150000e+02   9.8726896e+01   8.1639604e+00
