   1.5000000e+01   0.0000000e+00   8.0252396e+00
   0.0000000e+00   2.5980762e+01   1.0905398e+01
   1.5000000e+01   5.1961524e+01   3.7402915e+01
   0.0000000e+00   7.7942286e+01   5.9984441e+00
   4.5000000e+01   0.0000000e+00   1.1778960e+01
   3.0000000e+01   2.5980762e+01   4.6320926e+01
   4.5000000e+01   5.1961524e+01   7.0939189e+01
   3.0000000e+01   7.7942286e+01   2.5263371e+01
   7.5000000e+01   0.0000000e+00   1.0526978e+01
   6.0000000e+01   2.5980762e+01   6.6831216e+01
   7.5000000e+01   5.1961524e+01   1.0948919e+02
   6.0000000e+01   7.7942286e+01   3.8719524e+01
   1.0500000e+02   0.0000000e+00   2.5354442e+01
   9.0000000e+01   2.5980762e+01   9.8349708e+01
   1.0500000e+02   5.1961524e+01   1.4016225e+02
   9.0000000e+01   7.7942286e+01   5.2156567e+01
   1.3500000e+02   0.0000000e+00   2.5466533e+01
   1.2000000e+02   2.5980762e+01   1.0616009e+02
   1.3500000e+02   5.1961524e+01   9.5946368e+01
   1.2000000e+02   7.7942286e+01   4.9643760e+01
   1.6500000e+02   0.0000000e+00   1.8715738e+00
   1.5000000e+02   2.5980762e+01   5.5128215e+01
   1.6500000e+02   5.1961524e+01   3.9100773e+00
   1.5000000e+02   7.7942286e+01   1.4816083e+01
