   7.5000000e+00   0.0000000e+00   7.4623872e+00
   0.0000000e+00   1.2990381e+01   1.0487302e+01
   7.5000000e+00   2.5980762e+01   3.1436307e+01
   0.0000000e+00   3.8971143e+01   1.1977747e+01
   7.5000000e+00   5.1961524e+01   2.8657781e+01
   0.0000000e+00   6.4951905e+01   1.1129057e+01
   7.5000000e+00   7.7942286e+01   3.0896134e+01
   0.0000000e+00   9.0932667e+01   6.0779973e+00
   2.2500000e+01   0.0000000e+00   1.2533030e+01
   1.5000000e+01   1.2990381e+01   3.2901504e+01
   2.2500000e+01   2.5980762e+01   4.1799329e+01
   1.5000000e+01   3.8971143e+01   3.7657974e+01
   2.2500000e+01   5.1961524e+01   4.5738603e+01
   1.5000000e+01   6.4951905e+01   3.7440576e+01
   2.2500000e+01   7.7942286e+01   4.3890577e+01
   1.5000000e+01   9.0932667e+01   1.7751241e+01
   3.7500000e+01   0.0000000e+00   1.2178330e+01
   3.0000000e+01   1.2990381e+01   3.7293555e+01
   3.7500000e+01   2.5980762e+01   5.1129990e+01
   3.0000000e+01   3.8971143e+01   5.1982353e+01
   3.7500000e+01   5.1961524e+01   6.2678766e+01
   3.0000000e+01   6.4951905e+01   5.3598742e+01
   3.7500000e+01   7.7942286e+01   5.6128074e+01
   3.0000000e+01   9.0932667e+01   2.2166361e+01
   5.2500000e+01   0.0000000e+00   1.1141169e+01
   4.5000000e+01   1.2990381e+01   4.0562672e+01
   5.2500000e+01   2.5980762e+01   6.1168139e+01
   4.5000000e+01   3.8971143e+01   6.6665001e+01
   5.2500000e+01   5.1961524e+01   8.0479373e+01
   4.5000000e+01   6.4951905e+01   6.9729329e+01
   5.2500000e+01   7.7942286e+01   6.8264382e+01
   4.5000000e+01   9.0932667e+01   2.6084086e+01
   6.7500000e+01   0.0000000e+00   1.0112927e+01
   6.0000000e+01   1.2990381e+01   4.4334004e+01
   6.7500000e+01   2.5980762e+01   7.3897393e+01
   6.0000000e+01   3.8971143e+01   8.3313747e+01
   6.7500000e+01   5.1961524e+01   1.0044865e+02
   6.0000000e+01   6.4951905e+01   8.6854214e+01
   6.7500000e+01   7.7942286e+01   8.0890444e+01
   6.0000000e+01   9.0932667e+01   2.9827382e+01
   8.2500000e+01   0.0000000e+00   1.2591248e+01
   7.5000000e+01   1.2990381e+01   5.1512303e+01
   8.2500000e+01   2.5980762e+01   9.0652918e+01
   7.5000000e+01   3.8971143e+01   1.0304888e+02
   8.2500000e+01   5.1961524e+01   1.2195366e+02
   7.5000000e+01   6.4951905e+01   1.0523900e+02
   8.2500000e+01   7.7942286e+01   9.3345330e+01
   7.5000000e+01   9.0932667e+01   3.3579832e+01
   9.7500000e+01   0.0000000e+00   2.1688962e+01
   9.0000000e+01   1.2990381e+01   6.6004577e+01
   9.7500000e+01   2.5980762e+01   1.0717323e+02
   9.0000000e+01   3.8971143e+01   1.2359514e+02
   9.7500000e+01   5.1961524e+01   1.3972277e+02
   9.0000000e+01   6.4951905e+01   1.2225497e+02
   9.7500000e+01   7.7942286e+01   1.0202893e+02
   9.0000000e+01   9.0932667e+01   3.6965596e+01
   1.1250000e+02   0.0000000e+00   2.8040115e+01
   1.0500000e+02   1.2990381e+01   7.9920639e+01
   1.1250000e+02   2.5980762e+01   1.1256702e+02
   1.0500000e+02   3.8971143e+01   1.3596747e+02
   1.1250000e+02   5.1961524e+01   1.4150690e+02
   1.0500000e+02   6.4951905e+01   1.3027913e+02
   1.1250000e+02   7.7942286e+01   1.0069985e+02
   1.0500000e+02   9.0932667e+01   3.8269166e+01
   1.2750000e+02   0.0000000e+00   2.8265563e+01
   1.2000000e+02   1.2990381e+01   8.2357371e+01
   1.2750000e+02   2.5980762e+01   1.0008848e+02
   1.2000000e+02   3.8971143e+01   1.2726802e+02
   1.2750000e+02   5.1961524e+01   1.1681600e+02
   1.2000000e+02   6.4951905e+01   1.1903573e+02
   1.2750000e+02   7.7942286e+01   8.5452691e+01
   1.2000000e+02   9.0932667e+01   3.5862506e+01
   1.4250000e+02   0.0000000e+00   2.2460692e+01
   1.3500000e+02   1.2990381e+01   7.0923641e+01
   1.4250000e+02   2.5980762e+01   7.3120529e+01
   1.3500000e+02   3.8971143e+01   9.7639259e+01
   1.4250000e+02   5.1961524e+01   7.5882201e+01
   1.3500000e+02   6.4951905e+01   8.8421454e+01
   1.4250000e+02   7.7942286e+01   5.8326977e+01
   1.3500000e+02   9.0932667e+01   2.9091165e+01
   1.5750000e+02   0.0000000e+00   5.9918552e+00
   1.5000000e+02   1.2990381e+01   4.8466974e+01
   1.5750000e+02   2.5980762e+01   2.0991584e+01
   1.5000000e+02   3.8971143e+01   5.7010018e+01
   1.5750000e+02   5.1961524e+01   1.6248406e+01
   1.5000000e+02   6.4951905e+01   4.7147956e+01
   1.5750000e+02   7.7942286e+01   1.1296031e+01
   1.5000000e+02   9.0932667e+01   1.2780743e+01
