15.010000  0.010000   10.042352
 0.010000  25.990763   10.326612
 15.010000  51.971523   27.384495
 0.010000  77.952286   4.837826
 45.009998  0.010000   14.159705
 30.010000  25.990763   47.970955
 45.009998  51.971523   72.882896
 30.010000  77.952286   25.815208
 75.010002  0.010000   13.683189
 60.009998  25.990763   69.402763
 75.010002  51.971523   112.099884
 60.009998  77.952286   39.620224
 105.010002  0.010000   28.829105
 90.010002  25.990763   101.642189
 105.010002  51.971523   143.234009
 90.010002  77.952286   53.455261
 135.009995  0.010000   28.672878
 120.010002  25.990763   109.481186
 135.009995  51.971523   99.342659
 120.010002  77.952286   51.202755
 165.009995  0.010000   2.611066
 150.009995  25.990763   41.008450
 165.009995  51.971523   5.262436
 150.009995  77.952286   16.312677
 