7.600000  0.100000   13.538158
 0.100000  13.090382   13.022153
 7.600000  26.080763   25.998304
 0.100000  39.071140   12.660135
 7.600000  52.061523   24.196867
 0.100000  65.051903   11.997878
 7.600000  78.042282   25.620104
 0.100000  91.032669   4.678343
 22.600000  0.100000   17.805529
 15.100000  13.090382   34.424347
 22.600000  26.080763   43.566288
 15.100000  39.071140   39.322834
 22.600000  52.061523   47.614738
 15.100000  65.051903   39.094856
 22.600000  78.042282   45.514080
 15.100000  91.032669   14.813617
 37.599998  0.100000   17.685637
 30.100000  13.090382   39.164063
 37.599998  26.080763   53.318272
 30.100000  39.071140   54.011978
 37.599998  52.061523   64.875969
 30.100000  65.051903   55.530884
 37.599998  78.042282   57.989185
 30.100000  91.032669   19.156710
 52.599998  0.100000   16.888527
 45.099998  13.090382   42.903725
 52.599998  26.080763   63.921513
 45.099998  39.071140   69.120644
 52.599998  52.061523   83.061729
 45.099998  65.051903   71.958977
 52.599998  78.042282   70.433556
 45.099998  91.032669   23.110712
 67.599998  0.100000   16.157366
 60.099998  13.090382   47.310223
 67.599998  26.080763   77.343544
 60.099998  39.071140   86.297195
 67.599998  52.061523   103.451767
 60.099998  65.051903   89.449203
 67.599998  78.042282   83.441765
 60.099998  91.032669   26.985939
 82.599998  0.100000   19.336853
 75.099998  13.090382   55.230850
 82.599998  26.080763   94.683952
 75.099998  39.071140   106.546982
 82.599998  52.061523   125.266258
 75.099998  65.051903   108.202881
 82.599998  78.042282   96.272270
 75.099998  91.032669   30.924471
 97.599998  0.100000   29.308470
 90.099998  13.090382   70.182777
 97.599998  26.080763   111.337173
 90.099998  39.071140   127.352058
 97.599998  52.061523   143.097427
 90.099998  65.051903   125.461868
 97.599998  78.042282   105.193970
 90.099998  91.032669   34.470554
 112.599998  0.100000   35.833134
 105.099998  13.090382   83.965302
 112.599998  26.080763   116.471779
 105.099998  39.071140   139.665955
 112.599998  52.061523   144.938965
 105.099998  65.051903   133.580139
 112.599998  78.042282   103.907112
 105.099998  91.032669   35.845348
 127.599998  0.100000   35.771049
 120.099998  13.090382   85.970291
 127.599998  26.080763   103.689919
 120.099998  39.071140   130.931519
 127.599998  52.061523   120.485222
 120.099998  65.051903   122.470261
 127.599998  78.042282   88.568230
 120.099998  91.032669   33.421448
 142.600006  0.100000   29.307859
 135.100006  13.090382   74.056786
 142.600006  26.080763   76.284462
 135.100006  39.071140   101.286171
 142.600006  52.061523   79.486542
 135.100006  65.051903   91.930504
 142.600006  78.042282   61.182716
 135.100006  91.032669   26.668093
 157.600006  0.100000   4.528427
 150.100006  13.090382   32.081970
 157.600006  26.080763   13.365342
 150.100006  39.071140   39.346447
 157.600006  52.061523   10.866636
 150.100006  65.051903   32.396152
 157.600006  78.042282   8.377702
 150.100006  91.032669   10.844449
 